100
112 452843
432344 781265
571138 827884
380 817036
354012 354017
10 654673
334730 710115
312530 852321
245672 541163
347 256227
841 238737
280 178026
188633 316348
136250 373480
301 750050
311884 525111
168 430847
436 227657
244 348405
120 263680
783703 783708
1 2
267 736761
700 370400
77776 77777
746 103630
427150 862185
341714 422331
728 567331
337051 737116
145132 808062
473 100115
463864 463868
428 406820
660 568501
147 668665
115 455167
3323 3331
413 180214
267828 267838
371 153723
676 162007
101 124712
433742 433745
76223 76228
262 730131
160115 160121
253 582050
260 251274
335 812118
555265 776730
368133 368137
554 702562
476 113034
452 385651
318 672314
20 106316
521 417216
381301 381305
152 822747
2 3
16 26
548344 548346
162767 445031
266 742578
866 311457
88 102
272045 272048
35471 443153
41 813266
512 133143
14 270453
360173 360176
205472 205476
281 886046
856281 856284
8076 410780
410 760434
43 407875
620 174844
327 605822
130 537656
110155 110162
658315 658324
30 156003
45041 174088
157 683365
775 226541
1 1000000
68152 270665
830 500102
137 177007
767575 767578
183772 846214
66518 104338
877 321054
154720 154727
246 123557
106 173635
20125 20128
