100
96 57 101181836709
62 62 1
37 37 1
48 48 0
23 23 1
83 83 1
46 46 1
20 20 1
92 92 1
4 4 0
14 14 1
73 73 1
32 32 0
67 67 1
90 90 0
84 84 1
68 68 1
33 33 0
29 29 1
69 69 0
16 16 1
34 34 0
1 1 1
31 31 0
42 42 0
76 76 0
26 26 1
49 49 0
52 52 1
89 89 0
93 93 1
55 55 0
85 85 1
53 53 1
27 27 1
80 80 1
8 8 1
57 57 0
87 87 0
81 81 0
65 65 0
75 75 0
2 2 1
7 7 1
91 91 0
5 5 1
21 21 1
25 25 1
39 39 1
24 24 0
66 66 0
18 18 1
12 12 0
6 6 1
47 47 0
61 61 1
79 79 1
72 72 0
97 1 130486547722286088
38 38 0
96 73 5783891
45 45 1
43 43 0
87 87 1
11 11 0
41 41 1
53 53 0
82 82 1
39 39 1
74 74 1
48 48 1
37 37 0
51 51 1
91 91 0
56 56 0
70 70 0
2 2 0
27 27 0
36 36 1
32 32 1
60 60 1
15 15 0
49 49 1
71 71 0
72 72 1
22 22 1
29 29 1
96 96 0
12 12 0
18 18 1
47 47 0
86 86 0
77 77 0
84 84 0
89 89 0
54 54 0
30 30 0
6 6 1
83 83 1
35 35 0
40 40 0
8 8 1
75 75 0
13 13 0
65 65 0
92 92 0
58 58 0
62 62 0
76 76 1
19 19 0
57 57 0
64 64 0
78 78 0
31 31 0
59 59 1
7 7 0
67 67 1
16 16 1
21 21 1
3 3 1
61 61 1
81 81 0
28 28 1
80 80 1
24 24 1
66 66 1
44 44 1
23 23 1
17 17 0
52 52 0
34 34 1
5 5 1
55 55 0
4 4 0
94 48 3641802330016
41 41 0
22 22 1
36 36 1
59 59 0
72 72 0
17 17 1
35 35 0
85 85 0
14 14 1
37 37 0
60 60 1
93 93 0
38 38 0
1 1 1
61 61 0
45 45 0
65 65 0
21 21 0
66 66 1
34 34 1
8 8 1
9 9 0
5 5 1
89 89 1
46 46 1
88 88 0
49 49 1
58 58 0
15 15 0
54 54 0
74 74 1
40 40 0
79 79 0
68 68 1
44 44 1
13 13 1
52 52 1
48 48 0
20 20 0
30 30 0
84 84 0
53 53 1
25 25 0
56 56 1
50 50 1
57 57 1
33 33 0
55 55 1
92 24 291587727613897602
86 86 1
36 36 1
80 80 0
53 53 1
62 62 0
20 20 0
33 33 1
71 71 0
60 60 1
24 24 1
9 9 0
37 37 0
27 27 0
66 66 0
49 49 0
73 73 1
42 42 0
5 5 0
61 61 0
64 64 0
10 10 1
45 45 0
26 26 1
11 11 0
94 63 1173599992
26 26 1
13 13 1
60 60 0
38 38 1
23 23 0
85 85 1
83 83 1
44 44 0
30 30 0
51 51 1
53 53 1
79 79 1
59 59 1
73 73 1
19 19 0
86 86 1
9 9 1
32 32 1
67 67 1
41 41 0
31 31 1
11 11 0
57 57 0
65 65 0
27 27 1
34 34 0
25 25 0
68 68 1
45 45 0
46 46 0
74 74 0
14 14 0
75 75 1
1 1 1
37 37 0
61 61 0
15 15 1
90 90 0
64 64 1
50 50 0
71 71 0
92 92 0
48 48 1
63 63 0
20 20 1
78 78 1
3 3 1
91 91 1
84 84 0
54 54 1
7 7 0
10 10 1
52 52 1
55 55 0
49 49 1
29 29 1
72 72 1
2 2 1
6 6 1
82 82 0
94 94 0
24 24 1
21 21 1
8 5 8
7 7 1
2 2 1
1 1 0
5 5 1
6 6 1
94 8 607582396459826144
47 47 1
43 43 1
94 94 0
71 71 0
31 31 0
93 93 1
67 67 0
42 42 1
92 82 932
89 89 1
66 66 1
61 61 0
15 15 0
78 78 1
57 57 0
44 44 0
54 54 1
84 84 1
13 13 0
20 20 0
62 62 1
33 33 1
6 6 1
32 32 0
1 1 1
36 36 1
9 9 0
87 87 0
45 45 1
52 52 1
31 31 1
49 49 1
67 67 0
81 81 0
22 22 1
60 60 0
85 85 0
5 5 0
8 8 1
24 24 1
72 72 0
64 64 1
59 59 1
10 10 1
77 77 1
14 14 0
51 51 0
73 73 0
46 46 0
43 43 0
41 41 0
35 35 1
27 27 0
18 18 1
65 65 0
56 56 0
16 16 0
37 37 0
38 38 1
4 4 1
29 29 1
50 50 1
74 74 0
76 76 0
92 92 1
25 25 0
19 19 1
26 26 0
80 80 1
86 86 0
68 68 1
40 40 0
48 48 0
47 47 0
83 83 1
91 91 1
63 63 0
34 34 1
3 3 0
12 12 1
75 75 1
53 53 0
11 11 0
58 58 1
69 69 1
23 23 0
79 79 1
2 2 1
30 30 0
7 7 1
55 55 1
95 68 94292517
87 87 1
90 90 1
21 21 0
5 5 0
73 73 1
31 31 0
93 93 0
37 37 0
3 3 1
94 94 1
59 59 1
44 44 1
75 75 0
25 25 0
48 48 1
17 17 1
61 61 1
81 81 1
49 49 0
95 95 1
72 72 0
60 60 0
9 9 1
91 91 0
83 83 0
89 89 1
24 24 0
43 43 0
20 20 1
7 7 1
33 33 0
27 27 1
66 66 0
39 39 0
30 30 1
23 23 1
84 84 1
71 71 0
64 64 0
28 28 0
74 74 0
13 13 0
12 12 1
69 69 0
11 11 0
57 57 1
36 36 0
68 68 0
2 2 1
77 77 0
52 52 1
16 16 0
38 38 0
54 54 1
42 42 1
22 22 0
1 1 0
47 47 1
80 80 0
15 15 1
4 4 1
85 85 1
63 63 0
46 46 0
82 82 0
10 10 0
58 58 1
45 45 0
97 95 3
44 44 1
75 75 0
14 14 0
51 51 0
80 80 1
27 27 1
50 50 1
55 55 0
18 18 1
48 48 0
69 69 0
54 54 1
85 85 1
74 74 1
34 34 1
7 7 0
15 15 1
4 4 1
57 57 1
82 82 0
24 24 0
97 97 1
96 96 0
84 84 1
20 20 1
67 67 0
68 68 1
87 87 1
28 28 0
71 71 1
13 13 0
38 38 1
94 94 0
95 95 0
60 60 0
81 81 1
6 6 0
32 32 1
40 40 0
33 33 1
91 91 1
30 30 0
61 61 1
89 89 1
35 35 1
65 65 0
56 56 0
52 52 0
93 93 0
25 25 0
29 29 1
78 78 1
86 86 0
59 59 1
46 46 1
90 90 0
42 42 1
22 22 1
11 11 0
39 39 1
63 63 1
73 73 0
53 53 0
70 70 1
5 5 1
43 43 0
37 37 0
1 1 0
64 64 1
47 47 0
3 3 0
72 72 1
31 31 1
26 26 1
9 9 0
79 79 0
8 8 0
36 36 0
62 62 1
2 2 0
16 16 0
19 19 1
83 83 0
49 49 1
17 17 0
41 41 1
10 10 0
76 76 1
88 88 1
45 45 1
23 23 1
58 58 1
21 21 1
12 12 0
92 92 1
91 54 41991486106
26 26 0
12 12 0
59 59 1
71 71 1
30 30 0
28 28 1
33 33 0
27 27 0
90 90 1
35 35 0
5 5 0
65 65 1
50 50 0
70 70 1
75 75 1
43 43 1
36 36 1
38 38 0
79 79 0
49 49 0
20 20 1
73 73 1
2 2 0
6 6 0
14 14 0
1 1 1
87 87 0
40 40 0
22 22 0
89 89 1
88 88 1
56 56 1
77 77 1
57 57 0
11 11 0
41 41 0
62 62 0
19 19 0
8 8 0
72 72 1
44 44 0
42 42 0
3 3 0
7 7 0
46 46 1
32 32 0
61 61 0
23 23 0
84 84 1
13 13 1
24 24 1
52 52 1
9 9 1
15 15 0
5 2 6
4 4 1
1 1 1
91 84 109
3 3 0
23 23 0
61 61 1
65 65 1
19 19 0
13 13 1
41 41 1
14 14 0
27 27 1
38 38 0
81 81 1
51 51 1
44 44 1
11 11 1
73 73 0
12 12 0
1 1 0
8 8 1
30 30 0
29 29 1
34 34 0
85 85 0
20 20 1
77 77 0
63 63 0
32 32 0
37 37 0
42 42 0
22 22 0
90 90 1
82 82 1
56 56 1
64 64 0
6 6 0
87 87 0
68 68 1
62 62 0
43 43 1
17 17 0
54 54 1
70 70 0
35 35 0
60 60 0
80 80 0
28 28 1
49 49 0
89 89 1
69 69 0
5 5 0
88 88 0
25 25 0
2 2 1
33 33 1
55 55 1
66 66 1
36 36 0
4 4 1
79 79 0
57 57 1
31 31 0
39 39 1
71 71 0
9 9 0
40 40 0
47 47 1
74 74 1
86 86 0
53 53 0
48 48 0
24 24 1
46 46 1
83 83 0
45 45 0
91 91 0
59 59 0
15 15 0
7 7 1
21 21 1
16 16 1
50 50 0
76 76 1
26 26 0
10 10 0
75 75 1
94 69 33529870
34 34 0
23 23 1
5 5 1
77 77 0
17 17 1
69 69 1
46 46 0
63 63 0
94 94 0
92 92 1
82 82 0
44 44 1
50 50 1
87 87 0
22 22 0
7 7 0
36 36 0
28 28 0
78 78 1
24 24 1
47 47 1
13 13 0
38 38 0
65 65 0
19 19 0
72 72 0
86 86 1
68 68 0
3 3 1
35 35 1
37 37 1
67 67 1
33 33 1
21 21 1
57 57 1
61 61 0
53 53 0
6 6 1
76 76 0
74 74 1
8 8 0
16 16 1
85 85 0
43 43 0
71 71 0
1 1 1
12 12 1
52 52 1
9 9 1
31 31 0
64 64 0
30 30 0
73 73 0
51 51 0
4 4 0
70 70 0
89 89 1
83 83 1
11 11 1
62 62 1
27 27 0
10 10 1
90 90 1
15 15 0
26 26 1
49 49 1
42 42 1
56 56 1
80 80 0
98 96 1
75 75 0
38 38 0
1 1 0
48 48 0
87 87 0
21 21 1
28 28 0
33 33 1
42 42 1
16 16 1
72 72 1
24 24 0
6 6 1
53 53 1
43 43 1
83 83 0
17 17 1
64 64 1
50 50 1
96 96 0
27 27 0
31 31 1
23 23 1
70 70 1
2 2 0
85 85 0
36 36 1
77 77 0
20 20 0
58 58 0
37 37 0
57 57 0
78 78 1
49 49 0
56 56 1
46 46 0
39 39 1
14 14 1
15 15 1
29 29 1
89 89 1
69 69 0
66 66 1
67 67 0
73 73 1
60 60 0
62 62 1
10 10 1
19 19 0
95 95 1
8 8 0
52 52 1
22 22 0
3 3 0
11 11 0
79 79 0
98 98 0
74 74 0
61 61 1
86 86 1
63 63 0
71 71 0
34 34 1
35 35 0
92 92 0
54 54 0
88 88 0
18 18 1
82 82 0
12 12 1
25 25 0
26 26 1
47 47 1
97 97 1
41 41 0
7 7 0
91 91 0
90 90 1
13 13 1
32 32 1
45 45 1
51 51 1
68 68 1
65 65 0
4 4 0
40 40 0
9 9 0
81 81 1
80 80 1
94 94 0
59 59 1
5 5 0
44 44 0
84 84 0
76 76 0
30 30 1
96 34 167945082203014919
65 65 0
95 95 1
60 60 1
68 68 1
5 5 0
30 30 0
62 62 0
32 32 0
48 48 1
57 57 0
25 25 0
35 35 1
78 78 0
54 54 0
90 90 1
96 96 0
61 61 1
79 79 1
28 28 0
74 74 1
77 77 1
14 14 1
33 33 1
15 15 1
22 22 0
39 39 1
12 12 1
70 70 0
64 64 1
58 58 0
47 47 1
13 13 0
50 50 0
87 87 1
95 11 166724946626879014
14 14 0
30 30 1
89 89 1
18 18 0
20 20 1
73 73 0
87 87 0
94 94 0
71 71 1
43 43 1
55 55 0
10 1 275
3 3 0
95 82 6802
75 75 1
41 41 1
72 72 0
13 13 0
61 61 1
5 5 0
52 52 0
44 44 1
28 28 0
17 17 1
81 81 1
56 56 0
2 2 0
54 54 1
80 80 1
67 67 0
69 69 0
21 21 0
34 34 0
39 39 0
89 89 1
78 78 1
55 55 1
1 1 1
85 85 0
73 73 1
92 92 1
94 94 0
23 23 0
83 83 1
15 15 1
16 16 1
27 27 1
14 14 1
88 88 0
65 65 0
82 82 0
79 79 1
58 58 0
84 84 1
68 68 1
91 91 1
47 47 0
24 24 1
86 86 1
87 87 0
90 90 1
59 59 0
3 3 0
66 66 1
74 74 1
71 71 1
29 29 1
38 38 0
76 76 1
49 49 0
53 53 0
70 70 0
64 64 0
25 25 1
11 11 0
48 48 0
8 8 1
45 45 1
4 4 1
7 7 1
10 10 0
46 46 1
9 9 0
43 43 1
19 19 0
31 31 0
62 62 0
57 57 0
63 63 0
37 37 0
40 40 0
95 95 1
26 26 1
6 6 1
20 20 0
18 18 1
99 83 42516
3 3 1
87 87 1
45 45 1
59 59 1
53 53 0
84 84 0
41 41 0
8 8 0
18 18 0
33 33 1
71 71 0
56 56 0
60 60 0
48 48 0
97 97 0
74 74 0
38 38 0
76 76 1
64 64 1
5 5 0
12 12 0
1 1 1
83 83 0
90 90 1
79 79 1
4 4 0
80 80 0
20 20 0
95 95 1
55 55 0
70 70 0
40 40 0
39 39 0
11 11 0
75 75 1
78 78 1
42 42 0
2 2 0
54 54 0
89 89 1
52 52 1
69 69 0
19 19 0
88 88 1
66 66 0
37 37 0
28 28 1
25 25 0
47 47 1
13 13 1
96 96 0
91 91 1
26 26 0
43 43 0
44 44 0
86 86 1
49 49 0
36 36 1
68 68 1
21 21 1
72 72 1
62 62 1
46 46 0
16 16 0
61 61 0
31 31 0
63 63 1
10 10 0
34 34 1
35 35 1
23 23 1
32 32 1
82 82 0
57 57 0
6 6 0
9 9 1
93 93 1
30 30 0
27 27 1
15 15 0
94 94 0
14 14 1
77 77 1
99 29 362366820512458835
70 70 1
3 3 0
69 69 1
67 67 1
9 9 0
47 47 0
52 52 0
43 43 1
51 51 1
83 83 0
82 82 0
85 85 0
33 33 0
81 81 1
45 45 0
66 66 0
89 89 0
98 98 0
17 17 1
13 13 1
26 26 0
23 23 1
60 60 0
6 6 0
44 44 1
90 90 1
38 38 0
29 29 1
55 55 0
98 11 706848309435782849
86 86 0
72 72 0
52 52 0
67 67 1
13 13 0
78 78 0
97 97 0
11 11 1
59 59 0
10 10 0
68 68 1
96 1 532000310057361181
8 8 0
94 34 35968314432982346
87 87 1
89 89 1
48 48 1
17 17 1
8 8 1
70 70 1
65 65 0
38 38 1
80 80 1
49 49 0
51 51 0
55 55 1
76 76 1
46 46 1
3 3 0
5 5 1
24 24 0
83 83 1
79 79 0
78 78 0
57 57 0
14 14 0
54 54 1
56 56 0
53 53 0
84 84 0
91 91 1
41 41 0
92 92 1
26 26 0
10 10 0
82 82 0
93 93 1
66 66 1
97 61 57820573571
26 26 0
8 8 1
40 40 0
93 93 1
27 27 1
83 83 1
62 62 1
24 24 0
15 15 0
75 75 0
31 31 1
66 66 0
29 29 0
72 72 1
79 79 1
60 60 0
50 50 1
65 65 1
73 73 1
71 71 0
77 77 0
67 67 0
61 61 1
90 90 1
58 58 1
97 97 1
44 44 0
92 92 1
9 9 1
3 3 1
34 34 1
81 81 1
6 6 0
59 59 1
91 91 1
55 55 1
25 25 0
85 85 0
11 11 1
63 63 0
20 20 1
78 78 1
4 4 0
95 95 0
86 86 0
10 10 0
19 19 1
47 47 0
57 57 1
13 13 1
94 94 0
88 88 0
39 39 1
89 89 1
70 70 1
1 1 0
21 21 1
82 82 0
33 33 0
37 37 0
48 48 0
7 5 4
4 4 1
5 5 0
2 2 0
7 7 1
1 1 0
96 46 687568356039271
93 93 0
45 45 1
49 49 0
61 61 1
66 66 0
3 3 0
24 24 1
82 82 1
94 94 1
28 28 0
85 85 0
77 77 1
4 4 1
1 1 0
42 42 1
18 18 1
32 32 0
64 64 1
39 39 1
11 11 1
47 47 0
74 74 0
43 43 0
8 8 1
51 51 1
16 16 0
59 59 0
68 68 1
72 72 0
27 27 1
76 76 0
25 25 0
10 10 0
80 80 1
9 9 0
13 13 1
7 7 1
17 17 1
29 29 0
56 56 0
96 96 1
33 33 0
53 53 1
26 26 0
57 57 0
75 75 0
100 73 129678333
52 52 0
9 9 0
69 69 1
95 95 1
42 42 1
86 86 1
43 43 1
74 74 0
30 30 0
76 76 0
28 28 0
85 85 0
34 34 1
35 35 0
97 97 1
41 41 1
51 51 1
84 84 0
80 80 1
88 88 1
12 12 0
65 65 0
79 79 0
31 31 1
6 6 0
70 70 0
55 55 0
94 94 1
17 17 1
59 59 1
38 38 1
90 90 0
39 39 1
45 45 0
8 8 1
20 20 1
99 99 1
4 4 0
92 92 0
21 21 1
33 33 1
37 37 0
7 7 1
100 100 1
73 73 0
66 66 1
72 72 0
82 82 1
24 24 1
13 13 1
50 50 0
87 87 1
46 46 0
2 2 0
78 78 0
44 44 1
61 61 1
29 29 0
64 64 0
57 57 0
15 15 0
19 19 0
27 27 1
22 22 1
10 10 0
26 26 1
1 1 0
54 54 0
77 77 0
40 40 0
63 63 1
47 47 0
68 68 1
10 2 75
8 8 1
9 9 1
97 23 88578876406267835
65 65 1
28 28 0
95 95 0
94 94 0
35 35 0
23 23 0
84 84 0
38 38 1
1 1 1
10 10 1
78 78 0
63 63 0
14 14 1
47 47 1
7 7 1
31 31 0
42 42 0
51 51 0
75 75 0
8 8 1
64 64 0
9 9 0
55 55 0
98 3 634481247504818629
40 40 1
57 57 1
6 6 1
95 30 400363348050895660
73 73 0
70 70 1
3 3 0
53 53 0
47 47 1
74 74 0
5 5 1
9 9 0
89 89 1
24 24 0
54 54 0
76 76 1
46 46 0
78 78 1
62 62 1
56 56 1
10 10 1
19 19 0
79 79 0
52 52 1
30 30 1
57 57 1
34 34 0
63 63 1
27 27 1
59 59 0
86 86 1
45 45 0
65 65 0
29 29 1
95 71 7118461
7 7 0
85 85 1
69 69 0
27 27 0
25 25 0
59 59 1
33 33 0
38 38 0
47 47 1
13 13 1
49 49 1
8 8 1
28 28 1
6 6 0
41 41 1
37 37 1
62 62 1
18 18 0
54 54 1
79 79 0
17 17 0
12 12 1
34 34 1
9 9 0
52 52 1
45 45 0
3 3 1
19 19 1
44 44 0
70 70 1
50 50 0
74 74 1
83 83 0
56 56 1
35 35 0
80 80 1
26 26 0
71 71 1
93 93 0
63 63 0
76 76 1
48 48 0
55 55 1
88 88 0
39 39 0
95 95 1
91 91 1
15 15 1
5 5 1
4 4 1
90 90 1
2 2 0
60 60 0
16 16 0
30 30 1
78 78 1
94 94 0
68 68 1
14 14 1
67 67 0
11 11 1
23 23 1
51 51 1
40 40 0
92 92 1
72 72 0
65 65 0
36 36 0
21 21 0
22 22 0
87 87 1
95 1 263795706091493007
94 94 1
93 64 298609344
39 39 1
48 48 1
65 65 0
80 80 1
66 66 1
11 11 0
29 29 1
36 36 0
82 82 1
49 49 0
76 76 0
90 90 1
85 85 1
67 67 1
25 25 1
55 55 1
63 63 0
44 44 0
79 79 0
16 16 0
75 75 1
28 28 0
31 31 1
6 6 0
60 60 1
4 4 1
58 58 0
53 53 1
42 42 0
2 2 0
83 83 1
92 92 1
69 69 0
32 32 0
23 23 0
64 64 1
10 10 1
26 26 1
7 7 1
13 13 0
91 91 0
87 87 0
30 30 1
35 35 0
45 45 0
57 57 0
38 38 0
84 84 1
5 5 0
78 78 0
72 72 1
17 17 1
74 74 0
37 37 1
15 15 1
62 62 1
81 81 0
93 93 1
70 70 0
18 18 1
21 21 1
68 68 0
19 19 1
22 22 0
7 4 5
3 3 1
5 5 1
2 2 1
4 4 1
99 58 1628142008065
25 25 0
94 94 0
96 96 1
28 28 1
86 86 1
50 50 1
29 29 1
79 79 1
65 65 1
23 23 1
89 89 0
90 90 1
8 8 1
76 76 0
21 21 0
78 78 0
40 40 1
45 45 1
98 98 1
26 26 0
61 61 1
68 68 1
11 11 0
59 59 0
77 77 0
33 33 0
47 47 0
73 73 0
5 5 0
84 84 0
71 71 0
62 62 1
32 32 1
85 85 1
17 17 1
18 18 1
22 22 0
53 53 1
27 27 1
2 2 0
15 15 1
39 39 0
63 63 1
95 95 0
52 52 0
83 83 0
49 49 0
1 1 0
14 14 1
70 70 1
82 82 1
6 6 0
66 66 0
13 13 1
9 9 0
31 31 0
38 38 0
74 74 1
93 56 9213516392
11 11 0
29 29 1
52 52 1
55 55 0
18 18 0
78 78 0
70 70 0
91 91 1
17 17 1
67 67 0
21 21 1
89 89 0
7 7 1
25 25 1
48 48 0
32 32 1
2 2 1
88 88 0
37 37 0
73 73 1
46 46 1
14 14 0
71 71 1
1 1 0
62 62 0
20 20 1
6 6 1
56 56 0
75 75 1
41 41 1
9 9 1
92 92 1
40 40 1
60 60 0
66 66 0
4 4 0
3 3 1
16 16 0
76 76 1
34 34 1
47 47 0
86 86 0
80 80 1
39 39 0
15 15 1
65 65 0
26 26 1
72 72 1
45 45 1
82 82 0
44 44 0
42 42 1
5 5 1
8 8 1
58 58 0
33 33 0
99 30 822431163444841475
29 29 0
35 35 0
9 9 1
88 88 0
23 23 0
17 17 1
22 22 1
99 99 1
77 77 1
70 70 1
65 65 1
30 30 0
36 36 0
85 85 0
93 93 1
4 4 1
94 94 0
53 53 1
46 46 0
95 95 1
92 92 0
41 41 1
76 76 0
66 66 1
26 26 0
81 81 0
45 45 0
33 33 1
43 43 1
28 28 0
100 1 1000000000000000000
1 1 0
99 29 395455920226323570
11 11 1
65 65 0
12 12 1
45 45 0
7 7 1
87 87 1
5 5 0
9 9 0
54 54 1
89 89 0
25 25 1
40 40 1
39 39 1
17 17 0
84 84 1
81 81 0
50 50 0
57 57 1
41 41 0
96 96 1
73 73 1
70 70 1
43 43 1
52 52 1
69 69 1
77 77 0
74 74 1
44 44 1
76 76 1
93 20 660169816701194107
23 23 1
65 65 0
25 25 1
4 4 1
64 64 0
45 45 0
39 39 1
16 16 0
53 53 1
49 49 1
18 18 1
88 88 0
12 12 0
6 6 0
17 17 1
86 86 1
93 93 0
62 62 1
57 57 1
50 50 1
94 33 566980903260193224
80 80 1
82 82 1
68 68 1
18 18 0
23 23 0
24 24 1
40 40 1
50 50 0
14 14 0
55 55 0
88 88 0
91 91 0
38 38 1
94 94 1
53 53 1
77 77 1
57 57 1
45 45 1
33 33 0
22 22 1
90 90 0
13 13 1
8 8 0
48 48 1
16 16 1
11 11 1
7 7 1
49 49 1
71 71 1
87 87 1
79 79 1
4 4 1
92 92 0
93 57 44459149094
71 71 1
81 81 1
41 41 0
51 51 0
89 89 1
72 72 0
57 57 1
22 22 0
59 59 1
65 65 1
12 12 0
93 93 1
88 88 1
21 21 0
63 63 1
45 45 1
35 35 0
68 68 1
30 30 0
56 56 0
61 61 0
42 42 1
62 62 1
66 66 0
17 17 1
10 10 1
84 84 1
78 78 1
77 77 1
7 7 1
85 85 1
46 46 1
29 29 1
8 8 0
74 74 0
20 20 0
90 90 0
16 16 1
18 18 1
67 67 1
31 31 1
39 39 0
91 91 0
28 28 1
70 70 1
40 40 1
76 76 0
37 37 0
87 87 1
44 44 1
14 14 0
13 13 0
15 15 1
47 47 1
92 92 0
5 5 1
83 83 0
97 22 340040917615471416
2 2 0
81 81 1
40 40 0
8 8 0
67 67 0
4 4 0
11 11 0
16 16 0
38 38 0
28 28 0
72 72 1
23 23 0
69 69 1
78 78 0
33 33 0
76 76 1
58 58 1
74 74 0
35 35 1
13 13 1
79 79 1
46 46 1
99 80 478404
56 56 0
59 59 1
42 42 0
12 12 1
49 49 1
73 73 0
65 65 0
46 46 0
1 1 0
96 96 1
3 3 1
7 7 0
75 75 1
15 15 0
93 93 0
36 36 0
74 74 0
19 19 0
60 60 1
4 4 0
87 87 0
81 81 1
9 9 0
55 55 1
39 39 0
32 32 1
11 11 0
5 5 0
97 97 1
72 72 0
50 50 1
33 33 1
45 45 1
98 98 0
37 37 1
35 35 0
38 38 1
99 99 1
78 78 1
10 10 0
34 34 0
28 28 1
6 6 0
66 66 0
63 63 0
31 31 0
90 90 0
26 26 1
40 40 1
82 82 0
71 71 1
22 22 0
23 23 0
67 67 0
54 54 0
80 80 1
47 47 0
43 43 0
69 69 0
41 41 0
64 64 0
91 91 1
88 88 1
48 48 1
2 2 1
21 21 1
44 44 0
79 79 1
92 92 0
17 17 1
14 14 1
86 86 0
57 57 0
20 20 1
8 8 0
53 53 0
52 52 0
18 18 0
76 76 0
95 95 1
97 58 314740358662
26 26 0
82 82 1
73 73 0
49 49 0
11 11 1
43 43 1
60 60 1
70 70 1
13 13 0
22 22 0
69 69 0
15 15 0
72 72 1
68 68 1
77 77 1
54 54 1
33 33 0
7 7 1
86 86 0
96 96 1
36 36 1
51 51 1
48 48 1
79 79 1
67 67 0
85 85 1
93 93 1
92 92 0
91 91 0
94 94 1
89 89 1
52 52 0
74 74 1
81 81 1
20 20 0
53 53 1
27 27 0
62 62 0
40 40 0
46 46 1
57 57 0
61 61 1
29 29 0
24 24 1
66 66 0
75 75 0
5 5 0
2 2 0
50 50 1
90 90 1
3 3 0
39 39 1
63 63 0
71 71 1
25 25 0
59 59 1
6 6 1
19 19 1
95 73 3288122
7 7 1
6 6 1
82 82 0
45 45 0
1 1 1
24 24 1
95 95 0
26 26 1
55 55 0
12 12 1
63 63 1
4 4 0
50 50 1
13 13 0
23 23 0
34 34 1
59 59 1
9 9 1
64 64 0
28 28 0
49 49 0
38 38 1
56 56 0
33 33 0
32 32 0
44 44 0
52 52 0
81 81 1
57 57 0
66 66 0
93 93 1
22 22 0
68 68 0
78 78 0
67 67 0
94 94 1
88 88 0
18 18 1
83 83 0
72 72 1
21 21 1
69 69 1
53 53 0
62 62 1
27 27 1
80 80 0
86 86 0
5 5 1
48 48 1
16 16 0
84 84 0
47 47 0
36 36 1
51 51 0
3 3 1
77 77 1
73 73 0
41 41 0
29 29 0
8 8 0
89 89 0
37 37 0
61 61 0
40 40 0
85 85 1
91 91 0
2 2 0
14 14 0
71 71 0
35 35 1
31 31 0
17 17 1
60 60 1
5 2 5
5 5 1
3 3 1
7 1 55
3 3 1
95 14 698255101121792753
76 76 0
6 6 0
66 66 1
81 81 1
10 10 1
45 45 1
93 93 1
49 49 1
55 55 0
53 53 0
33 33 1
32 32 0
79 79 1
78 78 1
98 96 1
54 54 0
96 96 1
37 37 1
13 13 0
16 16 0
86 86 0
3 3 1
7 7 1
21 21 1
28 28 1
76 76 0
60 60 1
20 20 0
38 38 1
43 43 1
24 24 1
39 39 1
97 97 1
84 84 0
4 4 0
89 89 1
32 32 0
74 74 0
98 98 0
61 61 0
44 44 0
75 75 0
94 94 1
49 49 1
17 17 1
82 82 0
90 90 0
66 66 1
26 26 1
73 73 1
12 12 0
18 18 1
52 52 1
95 95 1
31 31 0
46 46 0
5 5 1
36 36 0
50 50 0
68 68 1
91 91 1
56 56 0
9 9 0
55 55 1
29 29 1
79 79 0
87 87 1
53 53 0
57 57 0
88 88 1
93 93 0
48 48 0
69 69 0
81 81 0
10 10 1
14 14 1
27 27 0
71 71 1
83 83 1
15 15 0
45 45 1
51 51 0
80 80 0
92 92 1
70 70 0
22 22 1
23 23 0
85 85 1
67 67 1
1 1 1
42 42 1
19 19 0
78 78 0
65 65 1
25 25 1
77 77 1
8 8 1
30 30 1
63 63 1
64 64 0
59 59 1
11 11 0
62 62 0
40 40 0
47 47 0
2 2 1
35 35 0
6 6 0
34 34 1
41 41 0
72 72 0
100 37 604514487854213373
93 93 0
32 32 0
36 36 1
25 25 0
46 46 1
70 70 1
7 7 1
53 53 0
65 65 0
84 84 1
47 47 1
78 78 0
58 58 0
79 79 1
8 8 0
86 86 1
64 64 0
73 73 1
41 41 0
28 28 0
80 80 0
91 91 0
97 97 0
15 15 1
62 62 0
52 52 0
54 54 0
75 75 0
42 42 1
82 82 1
90 90 0
71 71 0
85 85 0
18 18 0
56 56 1
51 51 0
27 27 0
91 10 842079736437460086
34 34 1
78 78 1
16 16 1
2 2 1
61 61 1
26 26 1
5 5 0
79 79 1
22 22 1
19 19 1
95 46 551059838449305
14 14 0
69 69 1
84 84 0
40 40 0
68 68 1
32 32 0
16 16 1
36 36 0
1 1 1
26 26 1
82 82 1
24 24 0
87 87 0
54 54 1
79 79 0
66 66 0
35 35 0
59 59 1
80 80 0
34 34 0
64 64 0
89 89 1
44 44 0
10 10 1
76 76 0
30 30 0
88 88 1
62 62 0
86 86 0
5 5 0
71 71 0
58 58 0
13 13 0
77 77 1
56 56 0
21 21 1
45 45 0
33 33 1
11 11 0
6 6 0
9 9 1
3 3 1
95 95 1
75 75 0
27 27 1
29 29 0
93 54 284610621827
5 5 0
15 15 1
31 31 0
57 57 0
45 45 1
36 36 1
83 83 0
69 69 1
62 62 1
14 14 1
26 26 0
6 6 1
76 76 1
58 58 1
42 42 0
12 12 0
80 80 0
53 53 1
74 74 0
41 41 0
18 18 0
64 64 1
54 54 1
67 67 0
32 32 1
4 4 1
43 43 1
49 49 1
88 88 1
55 55 1
81 81 0
93 93 1
3 3 1
79 79 1
70 70 1
68 68 1
37 37 0
19 19 0
92 92 0
72 72 1
60 60 0
40 40 0
1 1 1
77 77 1
39 39 0
22 22 0
25 25 0
66 66 0
33 33 0
44 44 1
85 85 0
46 46 1
52 52 0
30 30 0
95 78 109564
6 6 1
51 51 1
87 87 0
16 16 1
68 68 0
91 91 1
31 31 0
58 58 1
33 33 0
89 89 1
52 52 0
64 64 0
34 34 0
71 71 1
55 55 1
43 43 0
95 95 1
17 17 1
56 56 0
47 47 0
77 77 1
76 76 0
65 65 0
26 26 0
11 11 0
41 41 1
23 23 1
78 78 1
18 18 1
54 54 0
48 48 1
24 24 1
1 1 0
36 36 1
7 7 0
8 8 1
90 90 1
84 84 1
29 29 1
37 37 1
28 28 1
30 30 0
46 46 0
69 69 1
67 67 0
13 13 0
2 2 1
80 80 1
72 72 0
49 49 0
3 3 0
39 39 1
38 38 1
79 79 1
50 50 1
70 70 0
40 40 1
86 86 1
92 92 1
63 63 1
12 12 1
45 45 1
66 66 1
42 42 0
83 83 1
9 9 1
74 74 1
10 10 0
44 44 1
53 53 1
62 62 1
25 25 1
61 61 1
73 73 1
85 85 1
14 14 0
57 57 1
82 82 1
92 19 848772909058625781
56 56 0
90 90 1
41 41 0
73 73 0
35 35 0
32 32 1
72 72 0
7 7 1
48 48 0
49 49 0
36 36 0
68 68 1
70 70 0
80 80 0
85 85 1
84 84 1
5 5 1
13 13 1
1 1 1
94 18 302732872017601768
61 61 1
91 91 1
30 30 1
28 28 0
34 34 1
37 37 0
45 45 1
93 93 1
9 9 0
62 62 1
24 24 0
53 53 0
4 4 1
40 40 1
80 80 1
82 82 1
6 6 1
17 17 1
92 50 3885436688695
43 43 1
64 64 0
89 89 0
60 60 1
55 55 0
42 42 1
51 51 0
58 58 0
50 50 0
49 49 1
32 32 1
41 41 1
90 90 1
67 67 1
25 25 1
37 37 0
92 92 1
68 68 1
46 46 1
86 86 1
85 85 0
6 6 1
79 79 1
31 31 1
74 74 1
82 82 1
20 20 1
3 3 0
5 5 1
72 72 1
62 62 1
47 47 1
71 71 0
87 87 0
57 57 1
35 35 0
78 78 1
26 26 1
33 33 0
54 54 1
44 44 0
21 21 0
66 66 0
83 83 0
30 30 0
69 69 0
65 65 0
2 2 1
70 70 1
45 45 0
94 78 19909
33 33 0
3 3 0
79 79 0
24 24 1
56 56 1
20 20 1
25 25 1
58 58 0
37 37 1
85 85 0
34 34 0
88 88 0
78 78 1
39 39 0
36 36 0
84 84 1
19 19 0
61 61 0
92 92 1
66 66 0
23 23 0
63 63 1
55 55 0
50 50 1
73 73 1
1 1 0
67 67 0
90 90 0
44 44 0
69 69 0
52 52 1
68 68 0
28 28 0
5 5 1
17 17 1
70 70 0
18 18 1
48 48 0
4 4 1
65 65 0
2 2 1
14 14 0
7 7 1
6 6 0
11 11 0
87 87 1
46 46 0
77 77 1
91 91 0
57 57 0
42 42 1
26 26 1
32 32 1
21 21 0
60 60 1
31 31 1
76 76 0
74 74 1
75 75 1
82 82 1
93 93 0
13 13 0
64 64 1
81 81 1
47 47 1
41 41 1
40 40 1
53 53 0
62 62 1
15 15 0
71 71 0
10 10 1
45 45 1
30 30 0
51 51 0
49 49 1
86 86 0
8 8 0
100 48 3630975069886749
92 92 0
42 42 1
96 96 0
54 54 0
66 66 1
20 20 0
35 35 1
91 91 0
95 95 0
3 3 1
14 14 1
16 16 1
43 43 0
83 83 0
10 10 1
32 32 1
98 98 0
37 37 1
11 11 1
26 26 0
87 87 1
36 36 0
18 18 0
82 82 0
99 99 0
62 62 0
63 63 1
78 78 1
33 33 1
44 44 0
71 71 0
48 48 1
8 8 1
80 80 0
65 65 0
55 55 1
47 47 0
34 34 1
9 9 0
2 2 0
12 12 0
15 15 1
46 46 1
69 69 0
30 30 1
38 38 0
93 93 1
58 58 1
100 11 176905349465347352
12 12 0
3 3 1
77 77 1
87 87 1
46 46 0
100 100 1
70 70 1
99 99 0
44 44 0
61 61 1
53 53 0
94 12 868891116461584067
32 32 1
69 69 1
41 41 0
74 74 1
31 31 0
2 2 1
49 49 1
89 89 1
38 38 0
1 1 0
53 53 0
92 92 1
93 63 576295052
5 5 0
48 48 0
59 59 0
92 92 1
82 82 0
52 52 0
1 1 1
66 66 0
27 27 0
91 91 1
24 24 0
63 63 1
11 11 1
34 34 1
30 30 0
64 64 0
13 13 0
3 3 0
12 12 0
15 15 1
8 8 1
43 43 0
88 88 1
55 55 0
83 83 0
76 76 0
89 89 0
33 33 1
51 51 1
39 39 0
42 42 1
19 19 0
79 79 1
61 61 1
32 32 0
45 45 0
4 4 0
35 35 1
31 31 1
16 16 0
53 53 1
57 57 1
23 23 1
46 46 0
7 7 0
29 29 1
47 47 0
90 90 1
54 54 1
85 85 1
93 93 1
58 58 1
77 77 0
10 10 0
25 25 1
26 26 1
71 71 1
21 21 1
41 41 1
72 72 0
68 68 0
62 62 1
60 60 1
99 4 66999978940583410
67 67 1
80 80 0
64 64 1
16 16 1
92 45 95765149268184
59 59 0
35 35 1
36 36 1
81 81 0
12 12 1
85 85 1
55 55 0
22 22 1
3 3 1
44 44 0
26 26 0
18 18 1
83 83 0
50 50 0
75 75 0
39 39 1
25 25 1
34 34 0
4 4 0
92 92 0
86 86 1
76 76 1
24 24 1
16 16 1
84 84 1
15 15 1
21 21 0
78 78 0
30 30 1
27 27 1
33 33 0
72 72 0
56 56 1
17 17 1
32 32 0
41 41 1
89 89 0
79 79 0
19 19 1
8 8 1
6 6 0
14 14 0
53 53 0
57 57 0
64 64 0
93 21 987526856446969133
79 79 1
8 8 1
45 45 1
24 24 1
73 73 1
51 51 0
74 74 1
32 32 0
50 50 0
68 68 0
65 65 1
54 54 0
21 21 1
33 33 1
62 62 0
36 36 1
67 67 0
78 78 0
41 41 1
53 53 1
88 88 0
91 14 240567421230198951
25 25 1
44 44 1
22 22 0
60 60 0
45 45 0
86 86 1
32 32 1
11 11 1
10 10 1
47 47 1
43 43 0
74 74 1
65 65 0
85 85 0
96 68 94168116
30 30 0
69 69 0
39 39 0
19 19 0
44 44 0
8 8 1
48 48 1
67 67 0
15 15 1
4 4 0
25 25 1
82 82 1
7 7 0
55 55 1
52 52 1
12 12 1
24 24 0
61 61 1
77 77 1
66 66 0
74 74 1
36 36 1
46 46 0
32 32 1
56 56 1
10 10 0
63 63 1
9 9 1
26 26 0
95 95 0
68 68 1
54 54 1
60 60 1
75 75 0
21 21 1
57 57 1
96 96 0
3 3 0
13 13 0
18 18 0
5 5 1
81 81 1
51 51 1
34 34 0
6 6 0
71 71 0
88 88 0
72 72 1
41 41 1
45 45 1
38 38 0
33 33 0
11 11 1
29 29 1
86 86 0
37 37 0
91 91 0
27 27 0
47 47 0
83 83 0
65 65 1
62 62 1
80 80 1
1 1 0
43 43 0
70 70 0
31 31 1
78 78 0
95 20 36465237403452440
73 73 1
46 46 0
74 74 1
87 87 0
45 45 0
90 90 0
47 47 0
30 30 1
75 75 0
13 13 1
57 57 0
21 21 1
22 22 0
78 78 1
91 91 0
62 62 0
42 42 0
84 84 0
52 52 0
34 34 1
92 80 840
72 72 1
37 37 1
46 46 0
21 21 0
18 18 1
68 68 1
51 51 0
65 65 0
80 80 0
58 58 0
3 3 0
20 20 1
48 48 0
47 47 0
79 79 0
74 74 1
56 56 1
73 73 1
90 90 1
88 88 1
69 69 0
6 6 0
44 44 0
45 45 0
57 57 1
53 53 0
5 5 1
27 27 0
64 64 0
19 19 1
17 17 0
7 7 0
14 14 0
76 76 0
77 77 1
35 35 1
9 9 0
78 78 1
70 70 0
4 4 1
41 41 0
34 34 1
82 82 1
24 24 0
32 32 1
62 62 0
83 83 0
71 71 0
38 38 0
85 85 0
39 39 0
36 36 1
52 52 0
31 31 1
15 15 1
66 66 1
29 29 1
61 61 0
43 43 0
23 23 1
60 60 1
2 2 1
54 54 0
49 49 0
86 86 1
63 63 1
75 75 1
12 12 1
55 55 1
10 10 1
40 40 1
50 50 1
89 89 1
11 11 1
13 13 1
22 22 1
1 1 0
87 87 0
30 30 0
42 42 0
93 72 773438
62 62 1
29 29 1
45 45 1
57 57 0
15 15 1
87 87 0
55 55 1
48 48 0
84 84 0
14 14 0
76 76 1
72 72 1
60 60 0
43 43 1
16 16 0
10 10 1
23 23 1
66 66 0
82 82 1
81 81 0
24 24 1
17 17 0
61 61 1
85 85 1
49 49 0
7 7 1
78 78 0
21 21 1
75 75 0
67 67 0
79 79 0
11 11 1
6 6 1
44 44 0
37 37 0
26 26 1
80 80 1
5 5 0
92 92 0
65 65 0
73 73 1
38 38 0
59 59 1
77 77 0
34 34 1
35 35 0
86 86 1
28 28 0
20 20 1
8 8 1
4 4 0
46 46 0
25 25 1
58 58 0
64 64 1
36 36 0
2 2 1
22 22 0
1 1 1
52 52 1
33 33 1
31 31 0
74 74 1
51 51 0
70 70 1
83 83 0
90 90 0
54 54 1
69 69 0
42 42 1
9 9 0
68 68 1
98 93 26
35 35 1
48 48 1
69 69 0
60 60 1
39 39 1
33 33 0
23 23 0
22 22 1
51 51 1
10 10 1
75 75 1
54 54 0
12 12 1
45 45 0
1 1 0
86 86 0
50 50 0
4 4 1
79 79 0
70 70 1
56 56 0
73 73 1
7 7 1
14 14 1
15 15 1
18 18 0
81 81 1
27 27 1
36 36 0
61 61 0
76 76 0
9 9 0
88 88 1
64 64 1
62 62 0
17 17 0
11 11 0
67 67 1
16 16 0
89 89 1
52 52 1
30 30 1
92 92 0
93 93 0
43 43 1
6 6 1
8 8 1
34 34 1
98 98 1
94 94 1
13 13 0
58 58 1
24 24 1
40 40 1
68 68 0
66 66 0
5 5 0
44 44 0
65 65 0
85 85 0
84 84 0
37 37 0
26 26 1
42 42 1
47 47 1
83 83 0
32 32 0
46 46 1
55 55 0
72 72 1
28 28 0
19 19 1
87 87 0
96 96 1
91 91 1
29 29 0
77 77 0
38 38 1
78 78 1
95 95 1
53 53 1
49 49 0
21 21 0
80 80 1
2 2 1
59 59 0
20 20 1
97 97 1
63 63 1
82 82 0
71 71 1
25 25 1
90 90 1
91 90 1
9 9 0
45 45 0
10 10 1
79 79 0
7 7 1
62 62 1
67 67 1
29 29 0
76 76 0
17 17 1
50 50 1
12 12 1
33 33 0
42 42 0
46 46 0
75 75 1
60 60 0
39 39 0
31 31 0
58 58 0
32 32 0
71 71 1
19 19 0
52 52 1
23 23 0
66 66 1
21 21 1
13 13 1
37 37 0
61 61 0
26 26 1
18 18 0
57 57 1
4 4 1
48 48 0
20 20 0
8 8 1
24 24 1
80 80 1
85 85 0
2 2 0
6 6 1
55 55 1
47 47 0
25 25 0
74 74 1
11 11 1
70 70 1
51 51 0
41 41 1
44 44 1
69 69 0
90 90 0
28 28 1
15 15 0
88 88 0
59 59 1
84 84 1
81 81 0
77 77 0
5 5 1
86 86 1
38 38 0
1 1 1
43 43 0
63 63 0
40 40 0
27 27 0
72 72 1
89 89 0
64 64 1
49 49 0
65 65 1
87 87 1
16 16 0
82 82 1
83 83 0
14 14 1
68 68 0
30 30 0
73 73 1
54 54 1
22 22 0
36 36 1
3 3 1
91 91 1
78 78 0
53 53 1
34 34 1
56 56 1
97 2 360193146436453068
50 50 1
76 76 0
94 63 123420945
19 19 0
15 15 0
77 77 0
35 35 0
52 52 1
86 86 0
28 28 1
11 11 1
31 31 0
85 85 0
41 41 0
2 2 0
34 34 1
56 56 1
44 44 1
55 55 0
32 32 0
93 93 0
26 26 1
87 87 0
71 71 1
7 7 1
72 72 1
21 21 0
60 60 1
29 29 0
83 83 0
51 51 0
30 30 0
48 48 1
39 39 1
18 18 0
4 4 1
14 14 0
73 73 0
13 13 1
23 23 0
22 22 0
67 67 1
25 25 0
66 66 0
65 65 0
81 81 0
74 74 1
24 24 0
94 94 0
1 1 0
82 82 1
47 47 0
70 70 1
61 61 0
68 68 1
6 6 0
49 49 0
59 59 0
45 45 1
12 12 0
40 40 1
27 27 0
62 62 0
3 3 0
64 64 0
38 38 0
95 58 5401388263
88 88 0
80 80 1
56 56 0
8 8 0
45 45 1
77 77 1
14 14 1
66 66 0
1 1 1
86 86 0
75 75 0
34 34 1
2 2 0
10 10 1
62 62 0
89 89 0
54 54 0
84 84 1
37 37 1
60 60 0
57 57 1
74 74 1
87 87 0
71 71 1
19 19 1
22 22 1
64 64 1
25 25 0
52 52 0
16 16 0
27 27 1
61 61 1
58 58 1
12 12 0
44 44 0
26 26 1
69 69 1
85 85 0
83 83 1
68 68 1
63 63 1
36 36 0
31 31 0
72 72 1
3 3 1
20 20 0
29 29 1
13 13 1
7 7 0
21 21 1
55 55 1
6 6 0
9 9 0
11 11 0
70 70 1
67 67 0
39 39 1
82 82 0
95 83 1100
82 82 0
23 23 1
15 15 1
65 65 1
17 17 0
10 10 1
16 16 0
72 72 1
84 84 0
12 12 1
59 59 0
21 21 0
55 55 1
35 35 1
74 74 0
6 6 1
70 70 0
76 76 1
58 58 0
64 64 1
56 56 0
81 81 1
62 62 1
33 33 1
91 91 1
11 11 1
13 13 1
32 32 0
71 71 1
85 85 0
48 48 0
52 52 1
89 89 1
87 87 1
51 51 1
94 94 1
68 68 0
28 28 0
3 3 1
79 79 0
61 61 1
95 95 1
40 40 0
26 26 1
86 86 1
31 31 1
80 80 0
30 30 1
41 41 0
24 24 1
83 83 1
2 2 1
90 90 1
39 39 0
78 78 0
20 20 0
67 67 0
45 45 0
69 69 0
53 53 1
27 27 0
36 36 1
4 4 0
88 88 1
1 1 1
46 46 1
47 47 1
44 44 0
49 49 1
75 75 0
5 5 0
92 92 1
42 42 1
38 38 0
77 77 0
50 50 1
54 54 1
57 57 0
8 8 1
7 7 0
66 66 0
18 18 1
63 63 1
97 13 301863936491256391
57 57 0
85 85 1
82 82 1
95 95 1
19 19 0
78 78 0
34 34 0
64 64 1
32 32 0
43 43 0
73 73 1
20 20 1
94 94 0
91 26 124071254766555192
82 82 1
21 21 0
49 49 0
63 63 0
6 6 0
5 5 1
58 58 0
67 67 0
84 84 1
20 20 1
52 52 1
77 77 0
31 31 1
36 36 0
33 33 1
89 89 1
70 70 1
54 54 0
60 60 0
43 43 0
25 25 0
85 85 1
53 53 1
56 56 0
18 18 1
51 51 0
97 89 216
87 87 0
29 29 1
59 59 1
30 30 1
28 28 0
91 91 0
25 25 0
61 61 0
51 51 0
74 74 1
32 32 0
57 57 1
6 6 0
41 41 1
86 86 0
38 38 1
3 3 1
44 44 0
9 9 0
97 97 0
81 81 0
71 71 1
90 90 0
45 45 1
80 80 1
83 83 0
5 5 1
17 17 1
24 24 0
22 22 1
46 46 0
85 85 0
54 54 1
18 18 1
11 11 1
75 75 1
49 49 0
15 15 1
1 1 1
65 65 1
94 94 0
50 50 1
23 23 1
42 42 1
93 93 1
10 10 1
13 13 0
89 89 1
33 33 0
36 36 0
7 7 0
27 27 1
60 60 1
2 2 1
12 12 0
55 55 1
67 67 0
53 53 0
63 63 0
20 20 1
64 64 0
8 8 1
19 19 1
47 47 0
31 31 0
40 40 0
66 66 0
37 37 1
92 92 0
73 73 1
14 14 1
95 95 0
82 82 0
84 84 0
69 69 0
76 76 1
26 26 0
68 68 1
48 48 1
77 77 0
4 4 1
72 72 0
58 58 1
96 96 0
39 39 0
78 78 1
52 52 1
16 16 0
21 21 0
94 17 801319919792064117
58 58 1
74 74 1
25 25 1
20 20 1
6 6 0
75 75 1
81 81 0
44 44 0
13 13 1
82 82 0
84 84 0
86 86 1
45 45 0
11 11 0
64 64 0
80 80 0
91 91 0
98 63 11459618899
1 1 0
81 81 0
12 12 1
88 88 1
17 17 0
34 34 1
19 19 1
69 69 0
3 3 1
32 32 0
18 18 1
24 24 1
73 73 1
11 11 0
60 60 0
58 58 0
51 51 0
68 68 0
61 61 1
39 39 0
2 2 0
89 89 1
49 49 0
56 56 0
96 96 0
36 36 0
63 63 0
71 71 0
33 33 1
87 87 1
98 98 0
83 83 0
75 75 1
95 95 1
23 23 1
65 65 0
38 38 1
44 44 1
86 86 0
77 77 1
5 5 0
93 93 1
64 64 0
16 16 0
35 35 1
79 79 1
94 94 1
91 91 1
31 31 1
48 48 0
80 80 1
45 45 1
29 29 0
6 6 0
76 76 0
27 27 1
25 25 1
30 30 1
28 28 0
47 47 1
85 85 1
42 42 1
97 97 0
97 65 1897270438
64 64 0
89 89 1
60 60 0
6 6 0
93 93 1
78 78 0
90 90 1
38 38 0
20 20 0
36 36 0
29 29 1
71 71 0
7 7 1
46 46 0
88 88 1
22 22 0
13 13 0
45 45 0
42 42 1
10 10 0
3 3 0
49 49 0
12 12 1
70 70 1
74 74 1
67 67 1
11 11 0
30 30 1
63 63 0
14 14 0
15 15 1
47 47 0
83 83 0
56 56 0
76 76 0
92 92 1
59 59 0
18 18 0
84 84 0
55 55 0
23 23 0
58 58 0
75 75 1
82 82 0
5 5 0
96 96 1
21 21 0
26 26 1
41 41 1
52 52 0
68 68 1
37 37 0
40 40 1
61 61 1
48 48 1
28 28 0
85 85 0
72 72 0
65 65 1
66 66 1
1 1 1
16 16 0
24 24 1
4 4 0
95 95 0
92 75 86488
88 88 1
1 1 0
66 66 1
85 85 0
8 8 0
15 15 0
49 49 1
16 16 0
73 73 0
55 55 1
25 25 1
82 82 0
7 7 0
39 39 0
83 83 0
76 76 0
64 64 0
63 63 1
22 22 1
81 81 0
43 43 0
34 34 1
13 13 0
4 4 0
44 44 0
58 58 1
60 60 1
27 27 1
77 77 0
56 56 0
75 75 1
40 40 0
28 28 0
80 80 1
18 18 1
86 86 1
52 52 0
79 79 1
47 47 0
54 54 0
46 46 0
29 29 1
67 67 0
71 71 1
65 65 1
45 45 1
57 57 0
42 42 1
74 74 1
72 72 1
41 41 0
30 30 0
5 5 1
91 91 0
84 84 1
19 19 1
11 11 0
32 32 1
61 61 1
87 87 1
59 59 1
35 35 1
33 33 0
62 62 1
70 70 0
37 37 1
20 20 0
51 51 1
17 17 1
69 69 1
53 53 1
24 24 0
26 26 1
14 14 0
50 50 0
99 90 210
4 4 1
45 45 0
31 31 0
27 27 0
43 43 0
21 21 0
71 71 0
22 22 0
74 74 0
25 25 1
65 65 0
30 30 0
90 90 1
19 19 0
56 56 1
15 15 0
12 12 1
37 37 0
47 47 0
2 2 0
1 1 1
58 58 0
78 78 0
66 66 1
70 70 0
17 17 1
81 81 0
97 97 0
50 50 1
54 54 1
72 72 1
75 75 0
14 14 1
98 98 1
24 24 1
52 52 1
5 5 1
61 61 0
29 29 0
87 87 1
79 79 0
64 64 0
76 76 1
53 53 1
49 49 0
95 95 1
13 13 0
18 18 0
39 39 0
89 89 0
86 86 0
26 26 0
99 99 0
10 10 0
46 46 0
51 51 1
23 23 0
7 7 1
33 33 0
3 3 0
60 60 0
34 34 0
92 92 1
77 77 0
55 55 0
63 63 0
44 44 0
82 82 0
57 57 1
96 96 0
35 35 0
42 42 0
62 62 1
32 32 0
84 84 1
20 20 0
85 85 0
88 88 0
69 69 1
94 94 1
6 6 1
68 68 1
41 41 1
80 80 1
73 73 0
16 16 1
48 48 1
40 40 1
36 36 1
59 59 0
94 2 580979286620471882
44 44 0
59 59 0
99 59 62396676410
85 85 1
82 82 1
27 27 1
73 73 0
43 43 0
72 72 1
51 51 1
41 41 0
61 61 1
36 36 0
92 92 1
40 40 0
54 54 1
86 86 0
1 1 0
15 15 0
95 95 0
97 97 0
60 60 1
76 76 1
66 66 1
98 98 0
5 5 1
75 75 1
56 56 1
80 80 0
22 22 1
55 55 0
47 47 1
77 77 1
52 52 0
2 2 1
21 21 1
58 58 0
84 84 0
50 50 1
24 24 0
20 20 1
31 31 0
44 44 0
37 37 0
96 96 1
87 87 1
8 8 1
79 79 0
38 38 0
94 94 0
74 74 0
53 53 0
23 23 1
78 78 1
28 28 1
59 59 0
25 25 1
65 65 0
17 17 1
34 34 1
14 14 0
91 91 1
91 73 17350
18 18 0
90 90 1
4 4 0
50 50 1
24 24 1
58 58 1
69 69 1
67 67 1
5 5 0
71 71 0
35 35 0
16 16 0
1 1 0
75 75 1
49 49 1
53 53 1
11 11 1
29 29 0
68 68 0
60 60 0
39 39 1
65 65 0
36 36 1
89 89 1
61 61 1
73 73 1
3 3 1
32 32 1
10 10 1
41 41 1
2 2 0
76 76 1
86 86 1
62 62 0
51 51 0
70 70 1
63 63 1
26 26 0
33 33 1
28 28 1
23 23 0
84 84 1
47 47 0
8 8 0
14 14 1
64 64 0
81 81 0
17 17 1
66 66 1
78 78 0
21 21 0
31 31 0
34 34 0
6 6 0
55 55 0
38 38 1
13 13 1
45 45 1
54 54 0
44 44 0
72 72 0
46 46 1
43 43 1
56 56 1
37 37 0
12 12 1
19 19 0
27 27 0
80 80 1
59 59 1
30 30 1
20 20 1
7 7 0
91 87 7
47 47 1
36 36 1
71 71 1
62 62 1
18 18 0
55 55 0
40 40 1
37 37 0
69 69 1
43 43 1
30 30 1
67 67 0
31 31 1
59 59 1
89 89 0
33 33 1
52 52 0
2 2 1
80 80 1
20 20 1
16 16 1
14 14 1
50 50 1
38 38 0
85 85 0
35 35 1
65 65 0
77 77 1
34 34 0
78 78 1
68 68 0
49 49 1
87 87 0
8 8 1
7 7 0
53 53 0
1 1 1
19 19 0
39 39 0
72 72 1
23 23 1
48 48 0
74 74 1
6 6 1
45 45 1
3 3 0
70 70 1
5 5 0
63 63 0
46 46 0
26 26 1
27 27 0
9 9 0
84 84 0
54 54 0
66 66 1
86 86 0
90 90 1
12 12 0
56 56 1
15 15 0
61 61 1
81 81 0
28 28 0
60 60 1
73 73 1
25 25 1
88 88 1
83 83 0
91 91 0
29 29 0
51 51 0
10 10 0
4 4 0
22 22 1
76 76 1
11 11 0
13 13 1
42 42 0
82 82 0
64 64 1
57 57 0
32 32 1
79 79 0
75 75 0
58 58 1
44 44 1
7 2 14
5 5 1
1 1 1
100 100 1
1 1 0
2 2 1
3 3 0
4 4 0
5 5 1
6 6 1
7 7 0
8 8 0
9 9 0
10 10 0
11 11 0
12 12 1
13 13 1
14 14 0
15 15 1
16 16 1
17 17 1
18 18 1
19 19 1
20 20 1
21 21 0
22 22 1
23 23 1
24 24 1
25 25 1
26 26 1
27 27 0
28 28 0
29 29 0
30 30 1
31 31 0
32 32 0
33 33 0
34 34 0
35 35 1
36 36 1
37 37 0
38 38 1
39 39 1
40 40 1
41 41 0
42 42 0
43 43 0
44 44 0
45 45 1
46 46 1
47 47 1
48 48 0
49 49 0
50 50 1
51 51 1
52 52 1
53 53 0
54 54 0
55 55 0
56 56 0
57 57 0
58 58 0
59 59 1
60 60 1
61 61 0
62 62 1
63 63 1
64 64 1
65 65 1
66 66 1
67 67 1
68 68 0
69 69 1
70 70 1
71 71 1
72 72 1
73 73 0
74 74 0
75 75 1
76 76 0
77 77 1
78 78 1
79 79 1
80 80 0
81 81 0
82 82 0
83 83 1
84 84 1
85 85 1
86 86 0
87 87 1
88 88 0
89 89 0
90 90 0
91 91 1
92 92 1
93 93 0
94 94 0
95 95 0
96 96 0
97 97 1
98 98 0
99 99 0
100 100 1
98 11 991773938080010470
5 5 1
45 45 0
34 34 1
67 67 1
55 55 0
9 9 0
37 37 0
41 41 0
3 3 1
96 96 0
89 89 1
5 4 2
1 1 0
3 3 0
4 4 0
5 5 0
96 92 5
89 89 0
34 34 1
44 44 1
27 27 1
6 6 1
65 65 1
10 10 1
94 94 1
83 83 0
20 20 1
31 31 0
85 85 1
43 43 1
93 93 1
35 35 1
8 8 1
72 72 1
42 42 1
54 54 1
91 91 0
18 18 0
88 88 0
15 15 0
3 3 1
23 23 1
77 77 0
90 90 0
50 50 0
56 56 0
4 4 0
51 51 1
84 84 0
41 41 1
39 39 0
74 74 1
11 11 1
59 59 0
9 9 0
14 14 0
64 64 0
82 82 0
17 17 1
63 63 0
12 12 0
7 7 1
49 49 1
36 36 0
69 69 0
1 1 0
95 95 0
33 33 1
67 67 0
16 16 0
40 40 1
53 53 0
86 86 1
55 55 0
81 81 0
60 60 1
75 75 1
29 29 0
32 32 0
22 22 0
2 2 1
21 21 0
24 24 1
47 47 0
30 30 1
78 78 1
38 38 1
28 28 0
5 5 1
13 13 1
26 26 0
66 66 0
79 79 0
70 70 1
61 61 0
73 73 1
52 52 0
62 62 1
57 57 1
58 58 1
19 19 1
45 45 0
46 46 1
92 92 0
80 80 1
25 25 0
76 76 0
48 48 1
96 96 1
96 43 3047049388184241
69 69 1
14 14 1
87 87 1
11 11 0
53 53 1
43 43 1
76 76 1
29 29 1
36 36 1
2 2 1
84 84 1
92 92 0
41 41 1
86 86 0
37 37 0
42 42 1
28 28 0
32 32 1
21 21 1
17 17 0
79 79 0
16 16 1
15 15 1
9 9 1
65 65 0
48 48 1
94 94 0
26 26 1
82 82 1
58 58 0
10 10 0
66 66 0
80 80 0
62 62 1
70 70 0
49 49 0
59 59 0
33 33 0
27 27 1
18 18 1
24 24 1
13 13 0
38 38 0
93 85 111
80 80 1
36 36 1
38 38 0
35 35 1
50 50 0
67 67 0
13 13 1
42 42 0
68 68 1
51 51 0
27 27 0
3 3 1
17 17 1
34 34 1
75 75 0
85 85 0
33 33 0
92 92 0
82 82 1
56 56 0
32 32 0
21 21 0
8 8 0
72 72 0
30 30 1
28 28 0
60 60 0
14 14 0
4 4 1
39 39 0
26 26 1
64 64 1
44 44 1
25 25 1
6 6 1
49 49 1
2 2 1
31 31 1
83 83 0
58 58 1
90 90 0
89 89 0
48 48 0
66 66 1
46 46 0
15 15 0
57 57 1
29 29 1
87 87 0
7 7 0
69 69 0
40 40 0
63 63 0
76 76 1
59 59 1
5 5 1
52 52 0
45 45 0
91 91 0
84 84 1
88 88 0
18 18 1
86 86 1
10 10 1
23 23 1
22 22 0
62 62 1
78 78 0
43 43 1
19 19 0
11 11 1
55 55 0
9 9 0
47 47 0
81 81 0
24 24 0
12 12 1
73 73 0
41 41 1
93 93 1
79 79 0
65 65 1
37 37 1
70 70 1
61 61 0
98 47 381256476693530
76 76 0
25 25 1
95 95 0
1 1 1
41 41 1
21 21 1
16 16 0
6 6 1
46 46 1
52 52 1
7 7 0
92 92 0
49 49 0
65 65 1
83 83 1
75 75 0
88 88 0
85 85 1
73 73 1
11 11 0
53 53 0
22 22 1
50 50 0
96 96 0
14 14 1
48 48 0
2 2 0
3 3 1
72 72 0
18 18 1
9 9 1
38 38 0
35 35 1
51 51 0
78 78 1
98 98 1
89 89 0
24 24 0
45 45 0
74 74 1
58 58 1
15 15 0
81 81 0
12 12 0
13 13 0
42 42 1
47 47 0
