100
96 28 467076604349132822
65 65 0
22 22 1
9 9 1
95 95 1
88 88 1
80 80 0
44 44 1
45 45 0
32 32 1
52 52 0
51 51 0
70 70 0
26 26 0
62 62 0
15 15 0
83 83 1
75 75 1
94 94 0
16 16 1
27 27 0
7 7 1
69 69 0
28 28 0
78 78 1
35 35 1
31 31 1
39 39 0
76 76 1
98 15 570852162472668646
73 73 0
30 30 0
26 26 0
62 62 1
56 56 0
2 2 1
1 1 1
9 9 0
15 15 1
78 78 0
27 27 0
17 17 1
77 77 1
80 80 0
53 53 1
96 93 6
81 81 0
43 43 0
45 45 1
1 1 1
47 47 1
25 25 1
57 57 0
28 28 0
94 94 0
35 35 0
65 65 0
50 50 0
40 40 0
53 53 1
96 96 1
55 55 0
84 84 1
24 24 0
91 91 1
30 30 0
10 10 0
71 71 0
80 80 1
14 14 1
27 27 0
32 32 1
68 68 0
33 33 0
64 64 1
79 79 0
88 88 1
56 56 1
41 41 0
2 2 1
77 77 1
26 26 1
36 36 0
54 54 1
82 82 1
8 8 1
18 18 0
70 70 0
63 63 1
66 66 1
89 89 1
42 42 0
59 59 1
23 23 0
85 85 0
52 52 1
83 83 0
95 95 0
16 16 1
61 61 1
37 37 0
6 6 0
73 73 1
58 58 1
34 34 0
31 31 1
12 12 1
7 7 0
22 22 1
5 5 0
21 21 1
90 90 1
15 15 0
48 48 0
29 29 0
74 74 1
62 62 0
13 13 0
69 69 1
17 17 1
76 76 1
51 51 0
11 11 0
39 39 0
72 72 0
87 87 0
49 49 1
3 3 1
20 20 0
93 93 0
46 46 0
38 38 1
78 78 0
44 44 1
4 4 1
67 67 1
86 86 0
19 19 0
9 9 0
10 10 1
1 1 1
2 2 0
7 7 1
3 3 1
10 10 0
9 9 1
4 4 1
6 6 0
5 5 0
8 8 0
100 97 1
37 37 0
38 38 0
18 18 0
51 51 1
61 61 1
11 11 1
12 12 1
46 46 0
60 60 0
52 52 0
15 15 0
93 93 1
28 28 0
73 73 1
22 22 1
70 70 0
7 7 0
67 67 0
43 43 1
88 88 0
33 33 0
100 100 1
56 56 0
96 96 1
85 85 1
86 86 0
41 41 1
13 13 0
35 35 1
47 47 0
91 91 0
31 31 0
65 65 0
53 53 0
75 75 1
6 6 1
3 3 1
50 50 0
95 95 0
81 81 1
87 87 0
97 97 1
42 42 0
48 48 1
49 49 1
69 69 1
76 76 1
44 44 0
32 32 0
14 14 1
9 9 0
90 90 0
89 89 1
21 21 0
72 72 0
54 54 0
23 23 1
34 34 0
40 40 0
19 19 1
36 36 1
80 80 1
79 79 1
84 84 0
58 58 0
5 5 0
59 59 0
2 2 1
45 45 0
74 74 0
83 83 1
57 57 1
62 62 1
30 30 0
27 27 1
16 16 0
66 66 1
82 82 0
10 10 1
26 26 0
1 1 0
64 64 0
77 77 0
68 68 0
99 99 1
63 63 0
24 24 0
55 55 1
92 92 0
25 25 1
98 98 0
17 17 0
8 8 0
4 4 0
71 71 0
78 78 0
29 29 1
95 28 46141685381074061
44 44 0
49 49 1
90 90 1
39 39 1
57 57 1
94 94 0
91 91 0
10 10 0
17 17 1
43 43 0
41 41 1
36 36 1
29 29 0
58 58 0
46 46 0
60 60 1
7 7 1
54 54 1
31 31 1
88 88 0
1 1 1
69 69 0
89 89 0
27 27 0
83 83 0
52 52 1
37 37 1
24 24 1
100 84 32416
92 92 1
3 3 1
27 27 0
55 55 1
49 49 1
33 33 0
53 53 1
97 97 1
15 15 1
25 25 0
11 11 0
42 42 1
30 30 1
31 31 1
43 43 1
75 75 1
1 1 0
91 91 0
2 2 0
10 10 0
39 39 1
32 32 0
63 63 1
84 84 0
80 80 1
71 71 0
37 37 0
86 86 0
22 22 0
76 76 1
36 36 1
100 100 0
83 83 0
95 95 1
46 46 1
38 38 1
96 96 0
8 8 1
66 66 0
4 4 1
74 74 0
6 6 0
50 50 0
13 13 0
24 24 1
26 26 1
48 48 1
72 72 1
73 73 1
89 89 1
35 35 1
44 44 1
41 41 1
19 19 1
77 77 1
47 47 0
68 68 0
98 98 0
54 54 1
60 60 1
23 23 0
56 56 1
88 88 0
67 67 0
90 90 0
65 65 1
21 21 0
28 28 0
70 70 1
59 59 0
9 9 0
99 99 0
79 79 1
52 52 1
69 69 1
20 20 1
94 94 0
12 12 0
64 64 1
62 62 1
57 57 1
14 14 1
58 58 1
61 61 1
95 56 242387485623
30 30 1
61 61 0
81 81 1
10 10 1
95 95 0
41 41 1
62 62 0
58 58 0
60 60 0
1 1 1
89 89 1
88 88 0
83 83 1
47 47 1
79 79 0
77 77 0
17 17 1
7 7 1
72 72 1
73 73 1
69 69 1
48 48 1
16 16 1
25 25 0
8 8 0
38 38 0
12 12 0
4 4 1
36 36 1
67 67 1
94 94 1
11 11 0
21 21 1
52 52 1
50 50 0
86 86 1
56 56 0
51 51 1
80 80 1
33 33 0
82 82 1
26 26 0
5 5 1
87 87 1
75 75 1
45 45 1
68 68 0
32 32 1
53 53 1
71 71 0
74 74 0
15 15 0
63 63 0
35 35 0
19 19 1
29 29 0
100 67 1967787585
90 90 0
31 31 1
69 69 0
64 64 1
22 22 0
32 32 1
65 65 0
44 44 1
54 54 1
34 34 0
27 27 0
18 18 0
63 63 1
29 29 1
6 6 0
15 15 0
35 35 0
89 89 1
46 46 0
55 55 1
16 16 0
3 3 0
77 77 0
66 66 0
9 9 0
11 11 0
8 8 0
70 70 0
50 50 0
94 94 0
73 73 0
45 45 1
25 25 0
2 2 1
78 78 1
88 88 0
85 85 0
10 10 0
28 28 1
57 57 1
40 40 0
67 67 0
14 14 1
38 38 0
13 13 0
98 98 1
84 84 1
56 56 0
82 82 1
99 99 1
81 81 1
59 59 1
92 92 0
23 23 1
49 49 1
5 5 1
1 1 0
79 79 0
72 72 0
74 74 0
60 60 0
37 37 1
51 51 1
71 71 0
33 33 0
30 30 1
24 24 1
94 64 863346127
30 30 0
94 94 0
71 71 0
2 2 1
1 1 1
66 66 1
11 11 1
89 89 0
88 88 1
44 44 1
81 81 0
13 13 0
63 63 0
83 83 1
7 7 1
92 92 0
53 53 0
68 68 0
75 75 1
78 78 1
74 74 0
69 69 1
47 47 0
18 18 1
77 77 1
34 34 1
84 84 1
70 70 1
21 21 0
39 39 0
31 31 0
79 79 1
24 24 1
36 36 1
91 91 0
19 19 1
48 48 1
35 35 0
8 8 0
56 56 1
20 20 0
50 50 0
65 65 1
23 23 1
16 16 0
17 17 0
86 86 0
40 40 0
52 52 0
14 14 1
42 42 0
25 25 0
29 29 1
27 27 0
59 59 1
55 55 1
12 12 1
41 41 1
3 3 0
28 28 0
4 4 1
67 67 1
43 43 0
15 15 0
93 86 113
76 76 0
46 46 1
72 72 0
65 65 1
55 55 1
77 77 0
29 29 1
89 89 0
25 25 0
30 30 0
15 15 0
82 82 1
33 33 0
26 26 0
37 37 0
11 11 0
91 91 0
18 18 1
47 47 0
86 86 0
61 61 1
85 85 0
21 21 0
19 19 1
5 5 0
59 59 1
16 16 0
68 68 1
71 71 1
81 81 1
83 83 1
27 27 0
43 43 0
38 38 1
60 60 1
41 41 0
87 87 0
2 2 0
12 12 1
66 66 0
32 32 1
45 45 0
17 17 0
90 90 0
51 51 0
92 92 1
23 23 1
80 80 0
7 7 0
10 10 0
49 49 1
79 79 1
13 13 1
53 53 1
56 56 1
4 4 0
40 40 1
39 39 1
20 20 0
69 69 1
64 64 1
6 6 0
62 62 1
78 78 1
9 9 1
52 52 1
36 36 0
42 42 0
93 93 1
88 88 0
14 14 0
54 54 0
48 48 0
22 22 0
63 63 1
1 1 0
73 73 1
75 75 0
8 8 0
34 34 0
35 35 0
31 31 0
58 58 0
67 67 1
70 70 0
24 24 0
96 92 5
11 11 0
51 51 1
82 82 1
73 73 1
85 85 1
58 58 0
68 68 1
66 66 1
78 78 0
18 18 1
34 34 1
55 55 1
7 7 0
74 74 1
54 54 1
32 32 1
92 92 1
19 19 0
70 70 1
35 35 0
45 45 0
8 8 1
59 59 1
5 5 1
36 36 0
39 39 0
15 15 1
83 83 1
43 43 0
88 88 1
10 10 0
12 12 0
75 75 0
65 65 0
20 20 1
46 46 1
41 41 1
29 29 0
86 86 0
96 96 0
87 87 1
81 81 0
33 33 1
79 79 0
6 6 0
53 53 1
9 9 1
84 84 0
72 72 1
42 42 0
1 1 1
60 60 0
37 37 0
31 31 0
47 47 0
95 95 1
3 3 0
94 94 0
23 23 1
63 63 0
64 64 1
17 17 1
50 50 0
22 22 1
57 57 1
2 2 1
44 44 0
13 13 0
67 67 0
14 14 1
69 69 1
77 77 0
52 52 0
16 16 1
90 90 0
25 25 1
49 49 1
28 28 1
30 30 1
27 27 1
24 24 1
80 80 1
89 89 0
71 71 0
48 48 1
91 91 1
38 38 1
62 62 1
61 61 1
26 26 0
93 93 0
76 76 1
93 64 153288657
78 78 0
82 82 1
9 9 1
88 88 1
53 53 1
85 85 0
16 16 1
57 57 0
90 90 0
31 31 1
55 55 0
66 66 1
24 24 0
71 71 0
23 23 1
20 20 0
58 58 1
13 13 0
46 46 0
26 26 1
5 5 0
12 12 1
2 2 1
6 6 0
14 14 0
92 92 0
68 68 0
3 3 1
54 54 0
8 8 1
70 70 1
50 50 0
49 49 0
28 28 1
21 21 0
34 34 0
39 39 1
67 67 0
75 75 0
89 89 0
69 69 1
47 47 0
40 40 0
19 19 1
93 93 0
61 61 0
41 41 0
51 51 1
87 87 0
37 37 1
77 77 0
76 76 0
22 22 0
60 60 1
84 84 0
63 63 0
36 36 1
43 43 1
86 86 1
56 56 0
44 44 0
72 72 0
32 32 0
1 1 0
91 63 156544873
21 21 0
14 14 0
4 4 1
46 46 1
41 41 0
76 76 1
66 66 1
44 44 0
72 72 1
88 88 1
28 28 0
42 42 0
89 89 0
22 22 1
24 24 0
69 69 0
2 2 1
62 62 0
83 83 1
13 13 0
20 20 0
30 30 1
65 65 1
71 71 0
11 11 0
25 25 1
27 27 1
48 48 0
84 84 0
37 37 0
29 29 0
59 59 0
64 64 0
57 57 1
35 35 0
40 40 0
19 19 1
36 36 1
49 49 1
75 75 0
31 31 0
3 3 1
47 47 0
61 61 1
9 9 0
81 81 0
32 32 1
67 67 1
1 1 1
12 12 0
54 54 0
7 7 0
52 52 0
50 50 0
17 17 0
39 39 1
79 79 0
63 63 1
87 87 1
82 82 1
70 70 0
53 53 0
15 15 1
93 53 488545538289
14 14 0
86 86 1
49 49 0
92 92 0
11 11 0
28 28 1
19 19 0
91 91 1
88 88 0
78 78 0
81 81 1
39 39 1
69 69 0
45 45 1
79 79 0
16 16 0
34 34 0
83 83 1
71 71 1
7 7 1
29 29 1
43 43 0
15 15 1
5 5 1
75 75 1
68 68 1
27 27 0
55 55 0
40 40 1
13 13 0
20 20 0
37 37 1
65 65 0
2 2 1
4 4 1
63 63 1
53 53 0
47 47 1
70 70 1
41 41 1
51 51 0
35 35 0
62 62 1
59 59 1
6 6 1
26 26 1
56 56 1
18 18 1
22 22 1
32 32 0
33 33 0
89 89 1
64 64 0
92 65 17821894
74 74 1
17 17 1
22 22 1
48 48 1
71 71 0
11 11 1
85 85 1
77 77 1
29 29 0
53 53 0
26 26 0
36 36 0
47 47 1
43 43 1
10 10 0
59 59 1
92 92 1
86 86 0
8 8 0
7 7 1
38 38 0
46 46 1
89 89 1
78 78 1
60 60 1
9 9 1
32 32 0
90 90 1
25 25 0
69 69 0
76 76 0
40 40 0
58 58 0
70 70 1
55 55 1
52 52 1
12 12 1
80 80 1
79 79 1
91 91 1
66 66 1
81 81 1
67 67 1
84 84 0
2 2 1
68 68 0
83 83 0
82 82 1
24 24 1
3 3 0
27 27 1
63 63 0
18 18 0
54 54 0
30 30 1
88 88 1
57 57 0
42 42 0
34 34 1
62 62 0
23 23 1
15 15 0
19 19 1
64 64 1
61 61 1
97 69 255193789
86 86 0
63 63 0
50 50 1
49 49 0
14 14 1
56 56 1
78 78 0
95 95 1
85 85 1
81 81 0
11 11 1
9 9 0
36 36 1
90 90 1
51 51 0
61 61 1
39 39 1
13 13 1
1 1 0
92 92 1
59 59 1
42 42 1
6 6 1
76 76 0
43 43 0
3 3 0
53 53 0
54 54 0
2 2 0
89 89 1
4 4 1
67 67 1
37 37 0
32 32 1
88 88 1
64 64 0
48 48 0
70 70 1
96 96 0
24 24 1
45 45 1
75 75 1
23 23 1
84 84 1
68 68 0
26 26 0
38 38 0
82 82 1
8 8 1
27 27 0
47 47 0
52 52 1
10 10 0
33 33 0
94 94 0
65 65 1
69 69 0
35 35 1
5 5 1
22 22 0
41 41 0
16 16 1
21 21 0
74 74 0
7 7 0
62 62 1
17 17 0
83 83 0
66 66 1
95 10 683537924781564846
77 77 1
41 41 0
43 43 0
10 10 0
1 1 1
17 17 0
64 64 1
13 13 0
4 4 0
63 63 1
99 20 419608603641071220
17 17 1
89 89 0
4 4 0
98 98 1
83 83 1
35 35 1
47 47 0
37 37 1
53 53 1
19 19 0
30 30 0
94 94 1
48 48 0
57 57 1
93 93 1
22 22 1
3 3 0
76 76 1
46 46 1
65 65 0
98 83 14658
59 59 1
38 38 1
3 3 1
89 89 1
31 31 1
60 60 0
82 82 1
37 37 0
41 41 1
80 80 1
51 51 1
44 44 1
63 63 0
55 55 1
29 29 1
67 67 1
73 73 0
61 61 1
17 17 1
24 24 0
84 84 0
54 54 1
14 14 0
9 9 0
90 90 0
19 19 1
56 56 0
66 66 1
45 45 1
95 95 0
76 76 1
32 32 0
2 2 0
98 98 0
23 23 0
72 72 1
12 12 0
79 79 1
77 77 1
85 85 1
39 39 0
49 49 0
50 50 0
74 74 0
28 28 0
13 13 0
34 34 1
35 35 1
43 43 0
57 57 1
52 52 1
94 94 0
96 96 1
65 65 1
71 71 1
81 81 0
92 92 1
26 26 1
27 27 0
58 58 1
53 53 0
42 42 0
16 16 1
64 64 1
87 87 0
5 5 0
69 69 0
10 10 1
15 15 1
70 70 0
93 93 1
62 62 0
68 68 0
46 46 1
6 6 1
86 86 1
20 20 0
22 22 1
4 4 1
11 11 0
1 1 1
7 7 1
75 75 0
100 1 1000000000000000000
1 1 0
95 48 63746872547175
46 46 1
11 11 0
84 84 1
14 14 0
8 8 1
12 12 1
75 75 1
68 68 0
16 16 0
76 76 0
88 88 1
47 47 1
93 93 0
2 2 1
26 26 0
45 45 1
53 53 1
66 66 1
1 1 0
87 87 1
67 67 0
15 15 1
71 71 1
74 74 0
92 92 1
6 6 0
64 64 1
19 19 1
52 52 0
44 44 0
61 61 0
39 39 0
59 59 1
55 55 0
65 65 1
28 28 0
20 20 1
89 89 1
37 37 0
7 7 1
3 3 0
90 90 0
80 80 1
86 86 0
17 17 0
82 82 0
25 25 0
83 83 0
96 90 47
75 75 0
4 4 1
7 7 1
58 58 1
78 78 0
79 79 1
20 20 1
44 44 1
57 57 1
18 18 1
56 56 0
1 1 1
13 13 1
34 34 1
19 19 1
64 64 0
26 26 1
85 85 1
71 71 1
11 11 0
66 66 1
91 91 1
10 10 1
50 50 1
82 82 0
83 83 1
74 74 0
59 59 1
9 9 0
76 76 0
22 22 0
95 95 1
42 42 0
24 24 1
2 2 0
65 65 0
46 46 1
3 3 1
68 68 1
16 16 1
60 60 1
90 90 1
35 35 0
93 93 1
23 23 0
47 47 1
54 54 1
94 94 1
5 5 1
36 36 1
17 17 0
40 40 1
30 30 1
49 49 1
92 92 0
25 25 1
81 81 1
43 43 1
27 27 0
12 12 1
39 39 1
52 52 0
21 21 1
45 45 0
48 48 1
15 15 1
61 61 0
53 53 0
80 80 0
77 77 1
70 70 0
86 86 0
31 31 0
6 6 0
96 96 1
33 33 1
14 14 0
73 73 1
28 28 1
41 41 0
51 51 0
69 69 0
67 67 0
37 37 1
29 29 0
38 38 0
84 84 1
89 89 1
8 8 0
32 32 1
92 73 286499
55 55 1
51 51 1
36 36 1
37 37 1
57 57 1
41 41 1
17 17 0
71 71 1
60 60 0
52 52 1
13 13 1
63 63 1
65 65 0
88 88 1
8 8 0
10 10 1
80 80 0
25 25 0
20 20 1
87 87 0
5 5 0
89 89 0
34 34 1
44 44 1
64 64 1
48 48 0
39 39 1
61 61 1
69 69 1
18 18 0
15 15 1
14 14 0
53 53 0
56 56 0
79 79 1
92 92 0
1 1 0
4 4 1
26 26 0
23 23 0
31 31 0
29 29 1
24 24 0
12 12 0
22 22 0
30 30 1
40 40 0
47 47 1
6 6 0
83 83 1
58 58 0
43 43 1
86 86 0
66 66 0
75 75 0
38 38 1
74 74 1
73 73 0
54 54 0
7 7 1
19 19 1
82 82 1
27 27 1
62 62 0
16 16 0
68 68 1
9 9 1
11 11 0
32 32 0
77 77 1
81 81 1
49 49 1
90 90 1
94 4 335099119301339008
3 3 0
12 12 1
49 49 0
9 9 0
95 45 381277939527702
37 37 1
76 76 1
19 19 0
90 90 0
53 53 0
66 66 1
82 82 0
86 86 0
52 52 0
2 2 0
9 9 1
84 84 0
89 89 0
77 77 1
35 35 1
67 67 0
49 49 1
91 91 0
83 83 1
26 26 0
36 36 0
60 60 1
17 17 0
50 50 0
51 51 0
31 31 1
12 12 0
4 4 0
10 10 0
55 55 1
11 11 0
74 74 0
8 8 1
24 24 0
21 21 0
64 64 1
62 62 1
43 43 0
18 18 1
59 59 0
39 39 0
65 65 1
23 23 1
57 57 0
78 78 1
7 5 2
4 4 1
1 1 0
5 5 0
6 6 0
3 3 0
92 60 952015622
34 34 1
55 55 1
20 20 1
83 83 0
39 39 1
27 27 0
46 46 1
89 89 0
9 9 0
30 30 1
91 91 1
8 8 1
80 80 1
66 66 1
69 69 1
29 29 0
14 14 1
23 23 1
19 19 1
15 15 0
77 77 0
18 18 1
35 35 0
73 73 1
49 49 0
11 11 0
17 17 0
56 56 0
85 85 0
63 63 1
58 58 0
25 25 1
26 26 0
45 45 1
1 1 1
61 61 1
70 70 1
42 42 1
92 92 1
6 6 1
90 90 1
13 13 0
40 40 1
65 65 1
53 53 0
37 37 0
21 21 0
76 76 0
5 5 1
52 52 1
47 47 0
43 43 0
87 87 0
71 71 0
57 57 1
10 10 1
7 7 0
68 68 1
51 51 1
59 59 0
94 84 335
37 37 0
12 12 0
56 56 1
52 52 0
23 23 0
59 59 1
70 70 1
38 38 0
57 57 0
25 25 1
63 63 1
21 21 1
75 75 0
71 71 0
62 62 1
27 27 0
47 47 0
13 13 1
29 29 0
51 51 1
77 77 0
53 53 0
90 90 1
46 46 1
78 78 0
92 92 1
55 55 1
18 18 1
43 43 0
28 28 0
82 82 0
30 30 1
24 24 0
1 1 0
14 14 0
48 48 1
91 91 0
40 40 0
86 86 1
34 34 1
10 10 1
11 11 1
4 4 0
5 5 1
45 45 1
87 87 1
94 94 1
61 61 0
16 16 0
58 58 0
50 50 0
32 32 1
83 83 0
67 67 0
89 89 0
68 68 1
44 44 0
85 85 0
49 49 0
69 69 0
33 33 0
79 79 1
9 9 1
88 88 0
3 3 0
22 22 0
41 41 1
6 6 1
39 39 0
2 2 0
73 73 1
26 26 0
84 84 1
65 65 1
60 60 0
35 35 0
64 64 1
31 31 0
20 20 0
80 80 0
66 66 1
17 17 0
76 76 1
93 93 0
98 65 3540802778
79 79 1
64 64 1
56 56 0
91 91 1
5 5 1
34 34 0
72 72 0
96 96 1
29 29 1
24 24 0
33 33 0
26 26 0
84 84 1
97 97 1
62 62 1
17 17 0
28 28 1
54 54 0
80 80 1
32 32 0
30 30 1
13 13 1
27 27 1
65 65 1
20 20 1
36 36 0
23 23 1
86 86 1
75 75 1
37 37 0
15 15 1
44 44 0
48 48 0
77 77 1
67 67 1
76 76 0
87 87 1
10 10 0
66 66 0
40 40 0
90 90 1
21 21 0
71 71 0
88 88 1
60 60 1
73 73 0
38 38 0
41 41 1
63 63 0
6 6 1
70 70 1
7 7 1
98 98 1
51 51 0
74 74 0
9 9 1
58 58 0
8 8 0
4 4 0
83 83 0
3 3 0
31 31 0
68 68 0
11 11 1
2 2 1
91 83 130
32 32 1
14 14 0
18 18 0
66 66 1
82 82 0
13 13 0
70 70 0
4 4 1
19 19 1
39 39 0
8 8 0
64 64 0
34 34 0
68 68 0
28 28 0
38 38 1
26 26 0
86 86 0
69 69 0
55 55 0
36 36 0
33 33 0
71 71 1
80 80 0
21 21 1
15 15 0
25 25 0
50 50 1
81 81 1
58 58 0
87 87 1
29 29 0
23 23 0
46 46 1
59 59 1
48 48 1
90 90 1
40 40 0
67 67 1
85 85 0
56 56 1
16 16 1
31 31 0
88 88 1
79 79 1
41 41 1
1 1 1
54 54 1
63 63 0
20 20 0
84 84 1
24 24 1
61 61 1
91 91 0
35 35 1
44 44 1
9 9 1
6 6 0
17 17 1
27 27 0
77 77 0
74 74 1
89 89 1
3 3 0
60 60 1
57 57 0
10 10 1
37 37 1
12 12 0
76 76 1
53 53 0
52 52 1
42 42 0
72 72 0
51 51 0
73 73 0
2 2 0
7 7 1
30 30 1
47 47 1
5 5 1
11 11 1
49 49 1
93 60 5194109203
84 84 1
17 17 1
10 10 1
15 15 1
77 77 1
75 75 1
55 55 0
40 40 1
8 8 1
53 53 0
41 41 1
50 50 0
71 71 0
6 6 0
76 76 0
32 32 1
12 12 1
92 92 1
59 59 1
28 28 0
11 11 0
66 66 1
44 44 0
57 57 0
18 18 1
65 65 0
87 87 1
7 7 1
3 3 1
9 9 1
78 78 0
20 20 0
51 51 1
16 16 1
49 49 1
83 83 0
80 80 1
35 35 0
58 58 0
73 73 1
1 1 0
33 33 1
14 14 1
79 79 0
27 27 0
63 63 0
22 22 0
5 5 0
67 67 1
43 43 1
56 56 0
13 13 1
30 30 1
37 37 0
36 36 1
52 52 1
91 91 1
72 72 0
4 4 1
24 24 0
100 91 399
13 13 0
85 85 1
6 6 0
7 7 0
10 10 0
54 54 0
58 58 0
75 75 0
77 77 1
55 55 0
83 83 0
97 97 0
32 32 0
74 74 1
99 99 1
8 8 1
26 26 1
98 98 0
37 37 1
40 40 0
47 47 0
72 72 1
42 42 0
21 21 1
20 20 1
70 70 0
29 29 1
67 67 1
50 50 1
41 41 1
4 4 0
95 95 0
76 76 0
88 88 1
100 100 1
73 73 0
2 2 1
81 81 0
61 61 1
78 78 0
34 34 0
71 71 0
44 44 0
9 9 0
92 92 0
91 91 0
79 79 0
45 45 1
25 25 0
30 30 0
66 66 0
89 89 0
22 22 1
33 33 1
63 63 0
15 15 1
16 16 1
51 51 0
62 62 0
69 69 1
90 90 0
80 80 0
17 17 1
31 31 1
46 46 1
49 49 0
19 19 1
93 93 0
57 57 1
36 36 0
11 11 1
18 18 0
28 28 0
64 64 1
94 94 0
87 87 0
35 35 0
39 39 1
1 1 0
68 68 0
86 86 1
82 82 1
56 56 0
52 52 1
24 24 0
53 53 1
23 23 0
96 96 1
27 27 0
48 48 0
60 60 1
96 55 703900166941
24 24 1
71 71 1
59 59 0
68 68 0
89 89 0
35 35 1
70 70 0
67 67 0
11 11 0
88 88 0
96 96 1
77 77 0
74 74 1
50 50 1
66 66 0
95 95 0
22 22 0
12 12 1
46 46 0
84 84 1
47 47 0
44 44 1
60 60 1
34 34 1
49 49 1
32 32 1
81 81 0
9 9 0
40 40 1
86 86 1
75 75 0
41 41 0
76 76 0
19 19 0
23 23 1
6 6 1
4 4 1
39 39 1
17 17 1
38 38 1
69 69 0
53 53 1
72 72 0
5 5 0
10 10 1
54 54 1
48 48 0
94 94 0
27 27 0
90 90 1
80 80 1
29 29 0
30 30 1
31 31 0
91 91 1
97 85 1222
93 93 0
45 45 1
23 23 0
19 19 1
72 72 1
49 49 1
14 14 1
29 29 0
47 47 1
87 87 1
94 94 0
83 83 1
92 92 1
8 8 1
9 9 0
28 28 0
44 44 0
37 37 1
79 79 0
12 12 1
33 33 0
84 84 1
6 6 0
20 20 1
61 61 1
66 66 0
59 59 1
46 46 1
56 56 1
89 89 1
77 77 1
27 27 0
25 25 0
58 58 0
36 36 1
18 18 0
76 76 0
71 71 1
1 1 0
41 41 0
80 80 1
74 74 1
85 85 0
39 39 0
43 43 1
53 53 0
11 11 1
65 65 0
38 38 0
81 81 0
97 97 0
24 24 0
35 35 1
50 50 0
64 64 1
54 54 0
42 42 0
4 4 0
82 82 0
67 67 0
52 52 0
96 96 1
15 15 0
78 78 1
21 21 1
68 68 0
55 55 0
30 30 0
31 31 1
10 10 1
51 51 1
73 73 0
13 13 0
70 70 0
57 57 1
22 22 1
40 40 0
2 2 1
69 69 0
86 86 0
62 62 1
3 3 1
7 7 0
32 32 1
16 16 1
5 2 7
5 5 0
1 1 0
10 6 1
10 10 1
9 9 1
1 1 0
8 8 1
7 7 1
5 5 1
98 53 22069887794001
74 74 1
49 49 0
93 93 1
89 89 1
81 81 0
79 79 0
15 15 1
3 3 1
39 39 1
9 9 0
32 32 1
19 19 1
80 80 1
41 41 1
98 98 1
64 64 0
34 34 0
90 90 0
86 86 1
6 6 1
12 12 0
53 53 1
14 14 0
26 26 0
52 52 1
18 18 1
29 29 1
84 84 1
47 47 0
58 58 1
65 65 1
31 31 1
78 78 0
13 13 0
60 60 0
87 87 1
67 67 0
20 20 1
1 1 0
92 92 1
38 38 0
42 42 1
88 88 0
51 51 1
50 50 1
76 76 0
61 61 1
16 16 0
97 97 1
95 95 0
62 62 0
25 25 0
48 48 1
5 5 1
3 3 0
4 4 1
2 2 1
5 5 0
1 1 1
95 1 233647195204007612
71 71 0
9 1 6
4 4 1
96 93 5
79 79 0
7 7 0
60 60 0
35 35 0
49 49 1
87 87 1
37 37 1
43 43 0
94 94 0
33 33 0
47 47 1
39 39 1
75 75 1
1 1 0
90 90 1
52 52 1
64 64 0
61 61 1
74 74 0
30 30 0
28 28 1
93 93 0
8 8 0
42 42 0
19 19 1
55 55 1
83 83 1
85 85 0
23 23 1
80 80 1
21 21 1
88 88 1
13 13 1
18 18 1
4 4 0
50 50 1
29 29 0
51 51 1
63 63 1
67 67 1
12 12 1
72 72 1
69 69 0
91 91 0
56 56 1
3 3 0
6 6 1
10 10 1
24 24 0
76 76 1
66 66 0
73 73 0
81 81 1
2 2 1
78 78 0
15 15 1
45 45 1
44 44 1
9 9 0
16 16 0
14 14 1
84 84 1
82 82 1
5 5 0
48 48 1
31 31 1
26 26 1
70 70 1
41 41 0
53 53 0
11 11 1
46 46 0
95 95 0
38 38 0
32 32 0
59 59 0
17 17 1
77 77 0
34 34 1
54 54 1
58 58 1
22 22 0
36 36 1
57 57 1
86 86 1
65 65 0
92 92 1
68 68 1
62 62 1
96 96 0
89 89 1
25 25 1
20 20 0
95 88 30
50 50 0
55 55 1
84 84 0
85 85 1
71 71 1
16 16 1
39 39 0
66 66 1
78 78 0
80 80 1
32 32 0
95 95 0
56 56 0
36 36 1
38 38 0
41 41 0
47 47 0
7 7 1
43 43 1
30 30 1
75 75 1
12 12 0
54 54 1
72 72 0
69 69 1
18 18 1
45 45 1
33 33 0
91 91 0
49 49 0
23 23 0
27 27 1
89 89 1
76 76 1
88 88 0
59 59 1
64 64 0
40 40 0
53 53 1
92 92 1
1 1 1
82 82 0
74 74 1
22 22 0
19 19 0
6 6 0
90 90 0
81 81 0
60 60 0
48 48 0
17 17 1
44 44 1
87 87 1
35 35 0
5 5 0
3 3 0
79 79 1
13 13 0
67 67 0
28 28 0
34 34 1
9 9 0
86 86 0
26 26 0
65 65 1
14 14 0
2 2 0
20 20 0
24 24 1
4 4 0
94 94 1
29 29 0
57 57 0
93 93 1
63 63 0
83 83 1
52 52 0
42 42 1
37 37 0
8 8 0
61 61 0
25 25 1
51 51 1
77 77 1
15 15 0
70 70 0
73 73 0
31 31 0
10 5 10
9 9 0
8 8 0
10 10 0
3 3 0
4 4 0
100 100 1
1 1 0
2 2 0
3 3 0
4 4 1
5 5 1
6 6 0
7 7 1
8 8 1
9 9 0
10 10 1
11 11 1
12 12 0
13 13 0
14 14 1
15 15 1
16 16 0
17 17 0
18 18 0
19 19 1
20 20 1
21 21 1
22 22 1
23 23 1
24 24 0
25 25 1
26 26 0
27 27 0
28 28 0
29 29 0
30 30 1
31 31 1
32 32 0
33 33 0
34 34 0
35 35 0
36 36 0
37 37 0
38 38 0
39 39 0
40 40 0
41 41 1
42 42 1
43 43 1
44 44 0
45 45 0
46 46 0
47 47 0
48 48 0
49 49 1
50 50 0
51 51 1
52 52 0
53 53 0
54 54 0
55 55 1
56 56 0
57 57 1
58 58 1
59 59 1
60 60 0
61 61 0
62 62 1
63 63 1
64 64 1
65 65 1
66 66 0
67 67 0
68 68 0
69 69 0
70 70 1
71 71 1
72 72 1
73 73 1
74 74 0
75 75 1
76 76 1
77 77 0
78 78 1
79 79 1
80 80 1
81 81 1
82 82 0
83 83 0
84 84 0
85 85 1
86 86 1
87 87 0
88 88 0
89 89 1
90 90 0
91 91 1
92 92 1
93 93 0
94 94 0
95 95 0
96 96 1
97 97 1
98 98 0
99 99 1
100 100 0
10 8 2
7 7 0
2 2 0
5 5 0
8 8 1
6 6 0
9 9 0
4 4 0
3 3 0
99 91 61
53 53 0
28 28 1
67 67 1
1 1 0
5 5 0
3 3 1
15 15 0
95 95 1
48 48 0
55 55 1
94 94 0
84 84 1
32 32 0
23 23 1
61 61 1
99 99 1
11 11 1
25 25 1
58 58 1
71 71 1
27 27 0
47 47 0
21 21 0
60 60 1
86 86 1
36 36 0
87 87 1
20 20 1
96 96 1
56 56 0
52 52 1
88 88 1
19 19 0
65 65 0
4 4 0
12 12 1
69 69 0
93 93 1
38 38 1
79 79 0
80 80 0
30 30 0
63 63 1
37 37 1
82 82 0
17 17 0
89 89 0
22 22 0
45 45 0
7 7 0
35 35 1
43 43 0
46 46 1
83 83 0
16 16 0
57 57 0
51 51 0
18 18 0
66 66 0
8 8 1
91 91 1
74 74 0
33 33 0
39 39 0
72 72 0
64 64 1
24 24 1
92 92 0
50 50 0
26 26 1
90 90 0
54 54 1
10 10 1
77 77 0
29 29 1
59 59 1
40 40 0
41 41 1
78 78 1
85 85 0
6 6 0
68 68 1
62 62 0
73 73 1
34 34 0
31 31 0
9 9 1
76 76 0
98 98 1
44 44 0
97 97 1
100 73 113116556
31 31 0
71 71 0
8 8 0
59 59 1
13 13 0
11 11 1
67 67 1
40 40 1
58 58 1
95 95 0
10 10 1
48 48 1
66 66 0
4 4 0
69 69 0
15 15 0
41 41 1
63 63 0
88 88 0
76 76 1
19 19 1
56 56 0
39 39 1
99 99 0
32 32 1
49 49 1
64 64 0
46 46 1
7 7 1
80 80 1
22 22 1
16 16 0
91 91 1
35 35 0
55 55 1
5 5 1
17 17 1
52 52 1
27 27 1
70 70 1
20 20 0
77 77 0
6 6 0
92 92 0
50 50 0
60 60 0
26 26 0
2 2 1
83 83 1
98 98 1
78 78 1
38 38 1
18 18 1
85 85 0
33 33 0
3 3 1
14 14 0
89 89 0
36 36 1
90 90 1
9 9 0
28 28 1
73 73 0
53 53 0
74 74 0
24 24 1
100 100 0
86 86 1
75 75 1
87 87 1
51 51 0
65 65 1
12 12 0
100 17 422588244028096897
49 49 1
42 42 0
24 24 0
60 60 1
19 19 0
9 9 1
77 77 1
76 76 1
5 5 1
99 99 1
78 78 0
11 11 1
67 67 0
18 18 0
93 93 1
84 84 1
35 35 0
98 5 926095595840225318
53 53 1
63 63 1
59 59 0
64 64 0
55 55 1
93 50 5523796329040
13 13 0
83 83 1
87 87 1
78 78 0
5 5 1
54 54 0
17 17 1
45 45 0
36 36 0
86 86 1
30 30 0
55 55 1
77 77 0
71 71 1
8 8 0
1 1 0
85 85 1
74 74 0
92 92 1
7 7 0
51 51 1
23 23 0
88 88 0
60 60 0
38 38 0
68 68 1
41 41 0
46 46 1
89 89 1
19 19 1
72 72 1
66 66 0
22 22 1
47 47 1
61 61 0
6 6 1
79 79 1
73 73 1
2 2 1
64 64 1
28 28 1
12 12 0
32 32 0
31 31 0
21 21 1
39 39 0
82 82 0
48 48 1
69 69 0
10 10 0
96 52 9926531293630
21 21 0
63 63 0
79 79 0
39 39 0
11 11 0
85 85 0
4 4 0
18 18 0
62 62 1
53 53 0
78 78 1
58 58 1
5 5 1
16 16 0
35 35 0
27 27 1
90 90 0
42 42 1
19 19 0
71 71 0
44 44 0
46 46 1
22 22 1
17 17 1
96 96 1
40 40 1
1 1 1
23 23 1
61 61 0
34 34 0
60 60 0
45 45 0
7 7 0
93 93 0
12 12 1
25 25 1
13 13 1
57 57 0
84 84 0
70 70 0
33 33 0
64 64 0
65 65 1
6 6 1
54 54 0
73 73 1
26 26 0
81 81 0
3 3 0
80 80 1
51 51 0
89 89 1
98 25 383764363092284515
36 36 1
3 3 0
89 89 0
43 43 0
91 91 1
44 44 1
55 55 1
80 80 0
12 12 0
92 92 1
79 79 0
29 29 0
50 50 0
30 30 0
82 82 0
72 72 1
7 7 1
21 21 1
81 81 1
86 86 1
74 74 1
68 68 0
77 77 1
13 13 0
39 39 1
100 53 109061952469906
68 68 0
88 88 1
92 92 1
36 36 0
78 78 1
21 21 0
85 85 0
11 11 1
86 86 1
90 90 0
57 57 1
75 75 1
61 61 1
2 2 0
79 79 0
67 67 0
43 43 0
74 74 0
28 28 1
82 82 0
69 69 1
55 55 0
93 93 0
24 24 1
62 62 1
46 46 1
56 56 0
64 64 1
52 52 1
50 50 0
70 70 0
30 30 0
18 18 1
6 6 1
33 33 0
65 65 1
54 54 1
44 44 1
25 25 1
51 51 0
34 34 0
96 96 0
27 27 1
63 63 0
95 95 1
89 89 0
9 9 1
31 31 1
81 81 1
41 41 1
98 98 0
7 7 1
66 66 1
93 59 15769776648
70 70 1
55 55 0
47 47 0
48 48 1
84 84 1
67 67 1
42 42 0
49 49 1
68 68 1
5 5 0
12 12 1
25 25 0
74 74 1
29 29 0
80 80 0
87 87 0
88 88 0
17 17 0
30 30 1
92 92 0
85 85 0
32 32 1
61 61 1
36 36 0
16 16 1
66 66 1
15 15 0
89 89 0
9 9 1
11 11 1
73 73 1
57 57 0
91 91 1
76 76 1
35 35 0
58 58 0
6 6 0
7 7 0
23 23 1
14 14 1
86 86 0
41 41 1
78 78 1
81 81 1
50 50 1
69 69 0
65 65 0
27 27 1
60 60 0
21 21 0
43 43 1
46 46 0
8 8 1
4 4 1
38 38 0
13 13 0
62 62 0
54 54 1
83 83 0
100 51 181368786485162
75 75 0
97 97 0
58 58 0
61 61 0
73 73 1
57 57 0
69 69 0
59 59 1
12 12 0
15 15 1
1 1 0
41 41 0
16 16 1
84 84 1
46 46 0
39 39 0
79 79 0
18 18 0
31 31 1
32 32 0
29 29 1
60 60 1
86 86 1
56 56 1
74 74 1
88 88 0
53 53 0
14 14 0
17 17 1
49 49 1
40 40 0
24 24 0
27 27 0
45 45 0
30 30 0
50 50 0
54 54 1
64 64 1
9 9 0
11 11 1
42 42 1
63 63 1
21 21 1
36 36 1
100 100 1
93 93 0
55 55 1
38 38 1
43 43 0
71 71 1
67 67 1
98 23 408900146618342162
90 90 1
36 36 0
53 53 0
68 68 1
40 40 0
61 61 0
44 44 1
72 72 1
34 34 0
7 7 1
51 51 0
47 47 0
11 11 0
89 89 0
52 52 0
73 73 0
94 94 0
79 79 0
71 71 1
62 62 0
15 15 0
4 4 1
3 3 0
99 56 1807602159777
54 54 1
10 10 1
5 5 1
61 61 1
38 38 1
33 33 1
81 81 0
40 40 1
55 55 1
68 68 1
88 88 0
70 70 1
9 9 1
62 62 1
29 29 0
78 78 1
44 44 0
52 52 0
16 16 1
50 50 1
56 56 0
6 6 1
51 51 1
90 90 1
76 76 0
72 72 0
18 18 1
48 48 0
67 67 0
36 36 0
46 46 0
15 15 0
8 8 0
43 43 0
84 84 1
65 65 1
32 32 1
3 3 1
37 37 0
63 63 1
24 24 0
2 2 1
60 60 0
45 45 1
66 66 0
58 58 0
59 59 0
64 64 0
39 39 0
83 83 0
73 73 1
86 86 1
77 77 0
7 7 1
12 12 1
57 57 1
92 38 11538083853142771
30 30 0
87 87 1
40 40 0
6 6 0
66 66 1
70 70 1
57 57 0
22 22 0
82 82 0
56 56 0
10 10 1
63 63 0
43 43 0
74 74 0
75 75 0
81 81 0
41 41 1
73 73 1
37 37 0
89 89 0
45 45 0
62 62 1
48 48 1
50 50 1
51 51 0
28 28 1
38 38 1
31 31 1
68 68 1
90 90 1
47 47 1
21 21 0
23 23 0
8 8 1
46 46 0
1 1 1
16 16 1
17 17 0
95 50 31758554745344
93 93 0
33 33 0
83 83 1
17 17 0
39 39 0
18 18 0
28 28 1
49 49 1
66 66 0
84 84 1
86 86 1
78 78 0
91 91 0
77 77 0
23 23 0
10 10 0
61 61 1
12 12 0
48 48 0
15 15 1
64 64 0
80 80 0
41 41 0
65 65 1
51 51 1
47 47 0
44 44 0
63 63 0
68 68 1
19 19 0
76 76 0
4 4 1
1 1 1
16 16 1
21 21 1
26 26 1
62 62 0
60 60 1
59 59 1
14 14 0
45 45 0
81 81 1
3 3 1
50 50 0
85 85 1
95 95 1
52 52 0
5 5 0
2 2 0
13 13 1
95 45 734384915876939
39 39 0
89 89 0
86 86 1
43 43 0
76 76 0
91 91 1
58 58 1
31 31 1
11 11 1
52 52 1
81 81 0
88 88 0
30 30 1
35 35 0
71 71 1
93 93 0
36 36 0
55 55 1
57 57 1
72 72 0
60 60 0
27 27 1
59 59 1
83 83 0
34 34 0
87 87 1
94 94 1
6 6 1
48 48 0
44 44 0
33 33 0
26 26 0
24 24 0
61 61 0
3 3 1
46 46 0
51 51 1
5 5 0
42 42 0
45 45 0
18 18 0
70 70 0
41 41 1
9 9 0
82 82 0
97 34 732574745270217255
40 40 0
28 28 1
49 49 1
76 76 0
92 92 1
26 26 1
43 43 1
34 34 1
46 46 0
75 75 1
3 3 0
95 95 0
85 85 0
19 19 1
53 53 1
13 13 0
44 44 1
47 47 0
39 39 1
69 69 1
27 27 0
68 68 1
37 37 0
70 70 0
82 82 0
4 4 1
83 83 0
48 48 0
24 24 0
93 93 1
60 60 0
2 2 0
77 77 0
65 65 0
95 24 210913885410867830
14 14 1
90 90 1
15 15 0
3 3 0
60 60 0
40 40 0
58 58 0
78 78 0
76 76 0
37 37 0
93 93 0
41 41 1
79 79 1
67 67 1
64 64 1
29 29 1
82 82 0
9 9 0
74 74 0
92 92 1
5 5 1
8 8 1
63 63 0
13 13 1
95 33 665929495585825183
83 83 0
26 26 0
65 65 0
77 77 0
6 6 0
86 86 0
94 94 0
15 15 0
25 25 0
49 49 0
28 28 0
92 92 1
57 57 0
5 5 1
42 42 0
2 2 1
29 29 1
17 17 1
33 33 1
38 38 1
11 11 0
81 81 1
58 58 1
50 50 1
35 35 0
91 91 0
8 8 1
84 84 1
44 44 0
23 23 0
80 80 0
34 34 0
39 39 0
93 28 344495321850596293
2 2 0
71 71 0
75 75 1
26 26 0
86 86 0
11 11 1
21 21 0
92 92 0
25 25 0
32 32 0
74 74 1
57 57 1
27 27 0
19 19 1
37 37 0
78 78 0
61 61 1
68 68 1
65 65 0
81 81 0
35 35 1
3 3 1
22 22 0
52 52 1
54 54 1
89 89 0
70 70 0
34 34 1
92 67 28935988
13 13 0
84 84 0
34 34 0
36 36 1
89 89 1
1 1 1
58 58 1
5 5 0
29 29 0
87 87 1
68 68 0
11 11 1
70 70 0
49 49 1
24 24 0
91 91 1
53 53 0
80 80 1
42 42 0
35 35 1
64 64 0
2 2 0
44 44 0
71 71 1
14 14 1
50 50 1
85 85 1
78 78 0
77 77 0
33 33 0
76 76 0
40 40 0
18 18 1
72 72 1
30 30 1
90 90 0
47 47 1
16 16 1
10 10 1
79 79 0
92 92 0
39 39 0
23 23 1
4 4 1
66 66 0
60 60 0
37 37 0
32 32 0
57 57 0
69 69 1
19 19 1
38 38 0
52 52 0
8 8 0
59 59 0
81 81 1
41 41 1
86 86 1
9 9 0
26 26 1
83 83 0
61 61 1
27 27 0
7 7 0
74 74 1
67 67 0
43 43 1
100 74 33253221
96 96 0
21 21 0
19 19 1
73 73 1
37 37 0
18 18 1
66 66 1
26 26 0
10 10 1
89 89 0
84 84 0
80 80 1
97 97 1
5 5 1
34 34 1
75 75 0
41 41 0
23 23 0
17 17 0
81 81 1
31 31 0
43 43 0
54 54 0
86 86 0
33 33 0
92 92 1
28 28 0
70 70 1
7 7 1
9 9 1
72 72 1
99 99 1
58 58 0
62 62 1
16 16 0
27 27 0
45 45 0
14 14 0
82 82 0
38 38 1
52 52 0
83 83 1
74 74 0
53 53 1
3 3 1
85 85 0
98 98 1
93 93 0
49 49 1
44 44 0
32 32 1
25 25 1
50 50 0
79 79 1
2 2 1
6 6 0
20 20 1
68 68 1
48 48 0
57 57 0
36 36 1
76 76 1
13 13 1
47 47 0
59 59 0
55 55 1
46 46 1
87 87 0
100 100 1
56 56 1
94 94 1
69 69 0
67 67 0
1 1 1
93 70 8000108
88 88 1
18 18 1
40 40 0
74 74 1
29 29 1
49 49 1
17 17 0
67 67 0
4 4 1
25 25 1
8 8 0
19 19 0
50 50 0
62 62 0
13 13 0
75 75 0
11 11 1
59 59 0
28 28 0
52 52 1
3 3 1
2 2 1
9 9 0
22 22 0
60 60 1
27 27 1
31 31 0
37 37 0
35 35 0
79 79 0
93 93 1
16 16 0
82 82 0
81 81 1
15 15 1
6 6 0
86 86 0
68 68 0
38 38 0
90 90 1
78 78 0
51 51 1
48 48 1
80 80 1
56 56 1
77 77 1
72 72 1
89 89 1
54 54 1
44 44 1
87 87 0
73 73 0
64 64 0
33 33 0
5 5 1
34 34 1
65 65 0
45 45 0
71 71 0
55 55 0
26 26 1
10 10 0
70 70 0
53 53 0
36 36 1
32 32 0
39 39 0
84 84 0
24 24 1
83 83 0
99 89 360
86 86 0
46 46 0
24 24 0
43 43 1
32 32 0
72 72 0
16 16 0
22 22 1
23 23 0
93 93 0
98 98 0
49 49 1
40 40 1
29 29 1
50 50 1
78 78 1
11 11 0
14 14 1
26 26 1
36 36 1
97 97 0
38 38 0
82 82 1
27 27 0
1 1 1
79 79 1
71 71 1
55 55 1
34 34 1
21 21 1
88 88 0
64 64 0
63 63 0
85 85 1
41 41 1
51 51 0
25 25 1
9 9 1
45 45 0
54 54 1
74 74 1
39 39 0
53 53 0
62 62 0
3 3 0
61 61 0
8 8 1
15 15 0
13 13 0
57 57 1
67 67 1
20 20 0
77 77 1
5 5 0
7 7 0
2 2 1
58 58 1
44 44 0
95 95 1
87 87 0
47 47 0
33 33 1
12 12 1
69 69 0
42 42 0
89 89 1
65 65 0
91 91 1
48 48 0
59 59 0
4 4 1
76 76 0
52 52 0
6 6 0
31 31 0
10 10 1
68 68 1
66 66 1
60 60 1
19 19 1
96 96 1
94 94 1
70 70 0
37 37 0
92 92 1
75 75 0
84 84 1
80 80 0
73 73 1
93 9 219348526469995840
31 31 0
14 14 0
8 8 0
88 88 0
21 21 0
38 38 0
34 34 1
77 77 0
55 55 0
91 25 391096393256532980
5 5 0
59 59 1
36 36 0
27 27 1
11 11 1
16 16 1
43 43 0
31 31 0
26 26 1
44 44 1
56 56 1
85 85 0
13 13 0
32 32 1
6 6 1
64 64 1
18 18 1
65 65 0
81 81 0
15 15 0
73 73 0
84 84 1
49 49 0
9 9 1
45 45 0
100 4 441463731236572117
22 22 1
59 59 1
10 10 0
17 17 1
97 65 2784867748
74 74 0
29 29 1
36 36 0
5 5 0
59 59 0
97 97 1
62 62 1
7 7 0
17 17 1
8 8 1
72 72 1
80 80 1
28 28 0
61 61 1
76 76 1
95 95 0
53 53 0
27 27 0
92 92 1
89 89 1
18 18 1
60 60 0
9 9 0
88 88 0
93 93 0
30 30 1
15 15 0
42 42 0
24 24 0
90 90 0
37 37 1
71 71 0
22 22 0
13 13 0
94 94 0
79 79 1
87 87 0
20 20 0
52 52 1
4 4 0
1 1 1
10 10 1
48 48 0
33 33 1
11 11 0
96 96 1
25 25 1
21 21 0
6 6 1
43 43 0
45 45 0
51 51 0
2 2 1
69 69 0
63 63 0
3 3 0
91 91 1
46 46 0
57 57 1
83 83 1
49 49 1
44 44 1
86 86 0
81 81 1
23 23 1
97 3 18018052945661773
81 81 1
14 14 0
29 29 0
93 68 28653724
42 42 0
19 19 0
76 76 1
18 18 1
11 11 0
28 28 1
8 8 0
63 63 1
14 14 0
81 81 0
41 41 0
27 27 1
92 92 0
43 43 1
44 44 1
68 68 1
69 69 1
25 25 0
17 17 1
6 6 1
71 71 1
58 58 0
33 33 1
50 50 1
83 83 1
70 70 1
9 9 1
35 35 1
12 12 0
10 10 1
45 45 0
48 48 1
1 1 0
75 75 0
15 15 1
64 64 0
3 3 0
60 60 1
61 61 1
36 36 0
2 2 0
26 26 0
85 85 1
56 56 1
57 57 0
65 65 0
79 79 1
66 66 1
74 74 0
89 89 1
16 16 0
29 29 1
80 80 0
46 46 1
21 21 1
88 88 0
67 67 0
37 37 0
91 91 1
4 4 0
24 24 1
20 20 0
5 5 1
59 59 1
87 87 0
93 93 0
31 31 1
51 51 0
94 10 689348088969752192
54 54 1
93 93 1
6 6 1
5 5 1
26 26 0
73 73 1
92 92 1
11 11 1
69 69 1
14 14 0
91 2 254339046252736478
90 90 1
6 6 1
95 22 377836058585621915
70 70 1
48 48 1
64 64 0
42 42 1
55 55 1
60 60 0
57 57 0
17 17 1
56 56 1
2 2 0
25 25 0
38 38 0
18 18 1
84 84 1
41 41 0
90 90 1
74 74 0
32 32 0
82 82 1
58 58 0
52 52 0
68 68 1
91 68 4447594
24 24 1
20 20 1
89 89 0
21 21 0
65 65 1
70 70 1
90 90 0
42 42 1
33 33 1
48 48 1
41 41 1
62 62 0
86 86 1
44 44 0
3 3 1
43 43 0
15 15 0
6 6 1
32 32 1
1 1 1
49 49 1
47 47 1
78 78 1
72 72 1
30 30 0
66 66 1
8 8 1
73 73 1
39 39 1
40 40 1
75 75 1
10 10 0
68 68 1
51 51 1
16 16 1
31 31 0
25 25 0
9 9 0
85 85 1
59 59 0
28 28 1
12 12 0
37 37 1
2 2 0
88 88 0
18 18 1
74 74 0
22 22 1
35 35 1
83 83 1
55 55 0
17 17 1
13 13 0
81 81 1
11 11 1
60 60 0
19 19 1
71 71 1
76 76 1
34 34 0
91 91 1
82 82 1
36 36 0
67 67 1
63 63 0
61 61 0
38 38 0
56 56 1
10 8 4
6 6 0
9 9 1
8 8 0
3 3 1
10 10 1
1 1 0
5 5 0
7 7 0
93 66 80625117
16 16 1
87 87 0
22 22 1
54 54 1
68 68 0
53 53 0
33 33 1
93 93 1
75 75 0
42 42 0
65 65 1
41 41 1
2 2 1
24 24 1
78 78 1
73 73 0
7 7 0
44 44 1
84 84 1
64 64 1
77 77 0
43 43 1
61 61 1
27 27 1
26 26 1
17 17 1
36 36 0
50 50 0
52 52 0
80 80 0
69 69 0
29 29 0
23 23 1
66 66 0
11 11 1
85 85 1
35 35 0
15 15 1
62 62 1
81 81 0
82 82 1
20 20 0
46 46 1
59 59 0
58 58 1
55 55 1
88 88 0
45 45 0
56 56 1
31 31 1
10 10 0
14 14 0
51 51 0
34 34 0
21 21 0
90 90 1
92 92 1
47 47 0
12 12 1
18 18 1
79 79 1
49 49 1
40 40 1
6 6 1
38 38 1
63 63 1
100 55 23131879610622
28 28 0
100 100 0
18 18 0
58 58 1
25 25 0
96 96 0
94 94 1
43 43 0
23 23 1
95 95 0
68 68 1
70 70 1
48 48 0
45 45 1
54 54 0
20 20 1
34 34 0
26 26 1
17 17 1
6 6 1
60 60 1
14 14 0
51 51 0
40 40 1
75 75 1
71 71 0
76 76 0
21 21 0
78 78 1
32 32 0
37 37 1
44 44 0
1 1 0
52 52 1
12 12 0
4 4 0
89 89 1
19 19 1
61 61 0
13 13 1
10 10 0
33 33 0
36 36 0
15 15 1
82 82 1
90 90 1
83 83 1
74 74 1
66 66 1
47 47 0
22 22 0
42 42 1
39 39 0
57 57 0
2 2 1
96 64 3844963374
76 76 0
2 2 1
53 53 1
86 86 0
84 84 1
89 89 0
9 9 0
90 90 1
55 55 1
95 95 0
69 69 1
28 28 1
82 82 1
48 48 1
1 1 1
10 10 0
13 13 1
4 4 1
46 46 1
47 47 0
7 7 1
61 61 0
67 67 1
29 29 1
66 66 1
71 71 0
65 65 1
12 12 1
50 50 1
15 15 0
41 41 1
93 93 1
38 38 1
62 62 0
8 8 0
70 70 1
75 75 1
60 60 1
23 23 0
30 30 0
74 74 1
17 17 1
39 39 1
19 19 0
32 32 0
80 80 0
72 72 0
45 45 1
37 37 1
59 59 0
20 20 0
79 79 1
68 68 1
52 52 1
87 87 0
27 27 1
51 51 1
21 21 1
77 77 0
36 36 0
64 64 1
63 63 1
24 24 0
43 43 1
94 83 1586
71 71 0
39 39 0
20 20 1
24 24 1
52 52 1
9 9 0
12 12 0
79 79 1
91 91 1
13 13 0
21 21 0
47 47 1
82 82 0
1 1 1
72 72 1
15 15 1
86 86 0
5 5 0
87 87 0
60 60 0
90 90 1
37 37 0
30 30 1
64 64 1
41 41 0
31 31 0
94 94 1
29 29 1
78 78 0
36 36 0
23 23 1
70 70 1
67 67 0
40 40 0
84 84 0
73 73 1
65 65 1
43 43 1
66 66 0
48 48 0
42 42 0
92 92 1
76 76 0
28 28 0
51 51 0
93 93 1
50 50 1
62 62 1
88 88 1
38 38 1
46 46 0
11 11 0
2 2 1
61 61 1
89 89 1
6 6 0
45 45 0
4 4 0
32 32 0
56 56 1
3 3 0
14 14 0
81 81 0
77 77 1
49 49 1
44 44 0
57 57 0
80 80 0
7 7 0
19 19 0
26 26 1
55 55 1
22 22 0
16 16 1
54 54 1
33 33 1
34 34 1
25 25 1
17 17 1
74 74 1
58 58 0
53 53 1
35 35 1
100 86 7129
40 40 1
80 80 1
52 52 1
83 83 0
70 70 1
53 53 0
1 1 1
77 77 0
14 14 0
10 10 1
11 11 1
91 91 1
58 58 0
94 94 0
57 57 1
12 12 1
89 89 0
79 79 1
17 17 0
78 78 1
19 19 0
8 8 1
99 99 0
44 44 1
86 86 0
61 61 1
60 60 0
21 21 0
71 71 1
64 64 0
93 93 1
42 42 1
4 4 0
29 29 0
16 16 0
88 88 1
73 73 0
76 76 0
87 87 0
34 34 0
15 15 0
49 49 1
82 82 1
48 48 1
25 25 0
75 75 0
18 18 0
37 37 0
62 62 0
23 23 1
47 47 0
30 30 0
32 32 0
22 22 1
9 9 0
26 26 1
27 27 0
3 3 0
20 20 0
45 45 0
63 63 0
68 68 0
69 69 1
72 72 1
54 54 1
98 98 0
56 56 1
90 90 1
96 96 0
95 95 0
6 6 1
2 2 0
43 43 1
66 66 0
50 50 0
38 38 1
39 39 1
84 84 1
36 36 1
41 41 0
7 7 0
81 81 0
28 28 1
67 67 1
35 35 0
92 92 0
95 11 508055028787162011
82 82 1
21 21 0
7 7 1
59 59 0
22 22 1
1 1 1
63 63 0
53 53 0
92 92 0
41 41 0
95 95 1
94 92 2
10 10 1
56 56 0
68 68 0
92 92 0
37 37 1
77 77 1
63 63 1
31 31 1
17 17 0
30 30 0
20 20 0
7 7 1
8 8 1
74 74 0
59 59 0
40 40 1
46 46 0
34 34 1
24 24 0
11 11 1
78 78 1
21 21 0
66 66 0
49 49 0
19 19 0
69 69 1
9 9 1
47 47 1
89 89 0
91 91 1
61 61 1
82 82 1
90 90 0
85 85 0
70 70 0
2 2 0
3 3 1
41 41 0
42 42 1
15 15 1
52 52 1
16 16 1
26 26 0
23 23 0
25 25 0
54 54 1
12 12 0
38 38 1
67 67 0
76 76 1
87 87 0
94 94 1
4 4 1
1 1 0
29 29 1
45 45 0
58 58 0
35 35 0
27 27 1
13 13 0
86 86 1
22 22 1
55 55 1
48 48 0
75 75 0
64 64 0
36 36 0
93 93 0
81 81 1
14 14 1
80 80 1
57 57 1
53 53 0
73 73 0
79 79 0
50 50 1
32 32 0
83 83 1
44 44 0
51 51 0
28 28 0
6 6 1
5 5 0
84 84 0
60 60 1
62 62 0
88 88 0
71 71 0
65 65 0
18 18 1
33 33 0
39 39 0
96 5 343273841733499924
47 47 1
48 48 1
84 84 1
18 18 0
67 67 0
94 87 62
79 79 1
31 31 1
2 2 1
94 94 1
86 86 1
9 9 1
76 76 0
91 91 0
59 59 1
90 90 1
52 52 1
49 49 0
63 63 1
40 40 0
8 8 1
53 53 0
84 84 0
23 23 1
35 35 0
56 56 0
51 51 1
73 73 1
42 42 1
38 38 1
89 89 0
37 37 1
83 83 1
39 39 0
44 44 1
69 69 0
29 29 0
17 17 1
27 27 1
70 70 1
25 25 0
71 71 1
93 93 0
82 82 1
33 33 1
58 58 0
11 11 1
3 3 1
54 54 1
4 4 1
22 22 0
15 15 1
7 7 1
1 1 1
74 74 0
92 92 1
24 24 0
26 26 0
34 34 0
21 21 0
60 60 1
57 57 0
6 6 0
75 75 1
55 55 0
30 30 0
28 28 0
65 65 0
80 80 1
64 64 1
45 45 0
81 81 0
47 47 1
62 62 0
19 19 1
20 20 1
68 68 0
36 36 0
50 50 0
48 48 0
13 13 0
72 72 1
41 41 0
46 46 1
5 5 0
85 85 1
18 18 0
66 66 1
61 61 1
67 67 0
88 88 1
43 43 0
14 14 0
93 17 962600448894999356
76 76 0
20 20 0
53 53 1
88 88 1
73 73 1
58 58 0
49 49 0
23 23 1
87 87 1
81 81 0
43 43 0
40 40 0
17 17 1
28 28 1
15 15 0
70 70 1
32 32 0
96 96 1
42 42 1
22 22 1
92 92 1
59 59 0
66 66 1
62 62 1
72 72 0
73 73 1
51 51 1
30 30 1
43 43 1
5 5 0
17 17 0
95 95 0
26 26 0
74 74 0
87 87 0
45 45 1
55 55 0
81 81 0
47 47 1
71 71 1
13 13 0
88 88 1
10 10 0
84 84 1
7 7 0
49 49 0
96 96 0
60 60 0
16 16 0
86 86 1
90 90 0
14 14 0
48 48 0
75 75 0
21 21 0
39 39 0
63 63 0
38 38 1
77 77 0
6 6 0
33 33 1
50 50 0
83 83 1
41 41 0
52 52 1
12 12 1
1 1 0
11 11 1
28 28 1
67 67 0
4 4 0
69 69 1
80 80 0
85 85 0
61 61 0
53 53 0
29 29 0
89 89 0
91 91 0
37 37 0
25 25 0
15 15 0
57 57 0
54 54 1
44 44 1
23 23 0
78 78 0
40 40 0
36 36 1
20 20 1
46 46 0
2 2 1
70 70 1
24 24 0
8 8 1
32 32 1
35 35 0
64 64 1
9 9 1
56 56 0
65 65 0
79 79 0
68 68 1
58 58 0
31 31 0
94 94 0
82 82 0
93 93 0
18 18 0
76 76 0
34 34 1
3 3 1
27 27 0
19 19 0
94 23 517410120283858271
94 94 1
89 89 1
69 69 1
51 51 1
1 1 0
21 21 0
12 12 1
15 15 0
74 74 1
50 50 0
59 59 1
7 7 1
67 67 0
23 23 1
61 61 1
5 5 1
4 4 0
11 11 0
55 55 0
86 86 1
27 27 0
34 34 0
60 60 0
98 55 1163888253148
55 55 1
87 87 1
86 86 1
96 96 0
73 73 0
36 36 1
84 84 0
94 94 1
51 51 1
49 49 1
14 14 1
47 47 1
45 45 1
95 95 1
26 26 0
52 52 0
50 50 0
71 71 1
48 48 1
17 17 0
27 27 1
35 35 0
44 44 1
83 83 1
80 80 1
67 67 1
13 13 1
74 74 0
61 61 1
68 68 1
6 6 0
23 23 0
77 77 0
31 31 1
9 9 1
33 33 0
20 20 0
60 60 1
63 63 0
82 82 0
11 11 1
2 2 1
4 4 0
34 34 0
65 65 0
58 58 0
90 90 1
19 19 0
72 72 0
91 91 1
43 43 1
40 40 0
8 8 1
70 70 0
93 93 1
99 86 4983
7 7 1
12 12 1
52 52 1
78 78 1
65 65 0
56 56 1
26 26 0
3 3 1
44 44 0
69 69 0
75 75 0
25 25 0
99 99 1
66 66 1
70 70 1
11 11 1
84 84 0
22 22 0
94 94 1
31 31 1
19 19 0
55 55 0
43 43 1
29 29 1
45 45 0
40 40 1
58 58 1
81 81 0
38 38 0
80 80 0
71 71 1
82 82 0
4 4 1
15 15 0
10 10 0
16 16 0
93 93 0
53 53 1
39 39 1
9 9 0
18 18 0
85 85 1
57 57 1
41 41 1
88 88 1
67 67 0
28 28 0
62 62 0
63 63 0
34 34 0
54 54 1
98 98 1
14 14 0
76 76 1
27 27 0
46 46 0
72 72 1
95 95 0
35 35 1
20 20 1
30 30 1
87 87 0
91 91 1
1 1 0
96 96 1
50 50 1
37 37 1
47 47 0
60 60 0
42 42 0
51 51 1
79 79 0
49 49 1
21 21 1
92 92 0
73 73 1
77 77 0
33 33 0
61 61 1
86 86 0
59 59 1
13 13 1
83 83 1
23 23 0
68 68 0
2 2 1
95 11 309533577587339123
17 17 1
79 79 1
75 75 1
89 89 0
62 62 1
60 60 1
11 11 1
49 49 0
81 81 1
55 55 1
25 25 0
9 1 175
6 6 0
96 70 56391508
89 89 0
24 24 1
31 31 1
10 10 0
56 56 0
85 85 0
55 55 1
65 65 1
49 49 1
3 3 0
74 74 0
61 61 1
17 17 1
72 72 0
29 29 1
91 91 1
68 68 1
36 36 1
48 48 0
35 35 0
40 40 0
81 81 1
11 11 1
78 78 0
86 86 0
59 59 1
14 14 0
6 6 1
88 88 1
96 96 1
62 62 0
38 38 0
84 84 1
15 15 1
69 69 1
95 95 1
4 4 0
83 83 0
7 7 1
21 21 0
9 9 0
5 5 0
94 94 0
44 44 0
8 8 0
23 23 0
43 43 1
50 50 1
16 16 0
75 75 0
90 90 0
79 79 1
66 66 1
28 28 0
45 45 0
63 63 1
76 76 1
58 58 1
64 64 1
73 73 1
18 18 0
25 25 1
71 71 1
51 51 0
53 53 1
22 22 0
26 26 1
80 80 0
2 2 0
37 37 1
97 91 54
33 33 0
57 57 0
27 27 1
34 34 1
92 92 0
35 35 1
40 40 0
23 23 1
9 9 1
91 91 0
84 84 0
25 25 1
26 26 1
3 3 0
70 70 1
2 2 0
38 38 0
55 55 0
28 28 1
60 60 1
89 89 0
6 6 0
69 69 0
97 97 0
16 16 1
49 49 0
86 86 0
73 73 1
90 90 1
53 53 1
44 44 1
50 50 1
88 88 0
61 61 0
12 12 0
51 51 0
58 58 1
79 79 1
52 52 0
67 67 0
36 36 0
95 95 1
71 71 0
30 30 0
18 18 1
41 41 1
29 29 0
14 14 0
82 82 1
76 76 1
87 87 0
20 20 0
22 22 1
74 74 0
77 77 0
24 24 1
21 21 0
1 1 1
75 75 0
80 80 0
48 48 0
56 56 1
64 64 1
10 10 1
39 39 1
11 11 0
37 37 1
31 31 1
15 15 0
19 19 0
8 8 1
96 96 1
4 4 0
83 83 0
85 85 1
54 54 0
42 42 1
7 7 1
94 94 0
46 46 0
72 72 0
5 5 1
32 32 0
43 43 1
81 81 1
62 62 1
45 45 1
17 17 1
63 63 1
13 13 1
66 66 0
99 97 4
81 81 0
34 34 1
27 27 0
70 70 0
50 50 0
77 77 1
31 31 0
57 57 0
9 9 1
52 52 0
66 66 1
49 49 1
6 6 0
30 30 0
24 24 1
86 86 0
35 35 0
65 65 1
12 12 0
42 42 0
64 64 1
69 69 1
22 22 1
45 45 1
62 62 1
7 7 0
82 82 0
87 87 1
32 32 1
88 88 1
73 73 1
75 75 0
21 21 1
20 20 1
56 56 0
11 11 0
47 47 1
51 51 0
84 84 0
36 36 1
13 13 1
17 17 0
10 10 1
43 43 0
74 74 1
72 72 1
67 67 0
95 95 1
63 63 1
5 5 1
15 15 0
14 14 1
96 96 0
48 48 1
39 39 1
92 92 1
16 16 0
79 79 1
55 55 1
8 8 1
28 28 1
26 26 1
18 18 1
71 71 0
83 83 0
3 3 1
41 41 0
33 33 0
23 23 0
58 58 0
2 2 0
1 1 0
19 19 1
25 25 1
44 44 0
54 54 0
38 38 0
78 78 0
94 94 0
89 89 0
68 68 0
90 90 1
99 99 0
98 98 0
97 97 0
29 29 0
59 59 0
85 85 0
46 46 0
37 37 1
76 76 0
80 80 1
60 60 1
53 53 0
91 91 0
4 4 0
93 93 1
96 17 996840498744385315
47 47 0
1 1 1
9 9 0
12 12 0
76 76 0
23 23 1
67 67 1
37 37 0
19 19 0
21 21 0
58 58 1
38 38 0
39 39 1
65 65 1
16 16 0
22 22 1
64 64 1
