100
4 1 1 4 1 1 4 2 4 5
6 3 1 1 0 1 0 1 0 9
3 7 24 34 11 17 31 15 40 50
60 806 759 213 651 6 501 529 378 848
125 13 573 1 0 440 0 1 376 1000
4 0 0 1 0 1 1 1 0 2
1000 0 0 1 0 499 0 1 499 1000
1000 535 500 1 0 1 0 1 0 1000
128 419 918 540 0 126 0 836 307 1000
250 875 969 1 0 468 0 1 140 1000
1000 517 467 353 595 294 416 651 184 981
1000 808 988 1 0 499 0 1 171 1000
1000 741 417 424 0 909 0 561 701 1000
602 943 603 565 548 860 266 46 573 1000
1000 277 937 1 0 393 0 1 185 1000
107 445 811 805 255 837 922 291 622 963
1000 262 247 443 520 771 358 765 726 923
1000 789 639 649 307 263 651 445 495 953
398 601 62 632 125 151 65 398 196 828
121 263 128 286 379 326 42 568 514 592
1000 908 473 1 0 470 0 1 207 1000
202 206 4 976 595 535 318 59 165 1000
500 410 215 1 0 744 0 1 806 1000
792 405 690 494 832 275 188 665 129 981
1000 67 999 1 0 1 0 1 0 1000
686 121 288 398 541 152 572 574 48 740
276 723 791 106 111 734 374 321 188 973
1000 0 46 1 0 0 0 1 1 1000
150 977 797 912 37 36 531 989 112 1000
11 607 8 45 0 189 0 465 103 1000
66 153 584 920 106 165 690 931 859 938
69 5 390 447 430 84 267 153 665 807
1000 498 302 886 0 870 0 261 983 1000
7 477 718 838 438 127 282 377 334 1000
600 214 575 846 809 481 207 995 343 1000
122 17 929 548 506 385 5 704 247 956
1000 0 0 1 0 999 0 1 999 1000
1000 33 293 676 415 221 196 465 111 922
200 838 207 127 0 468 0 77 997 1000
102 861 926 86 74 545 132 999 958 1000
1000 778 862 725 886 383 139 462 668 921
11 212 884 605 0 701 0 257 146 1000
36 864 52 743 843 290 253 670 827 876
3 0 0 1 0 1 1 1 0 2
600 134 81 769 679 566 768 637 660 1000
1000 671 257 864 131 519 652 491 860 971
176 506 29 810 492 726 663 775 400 944
1000 621 133 770 347 489 709 496 821 923
16 721 794 694 345 874 395 128 314 959
26 452 939 171 626 80 853 916 317 980
1000 25 80 242 257 13 695 672 789 898
500 44 480 1 0 460 0 1 258 1000
1000 500 911 1 0 0 0 1 1 1000
100 808 210 1 0 20 0 1 970 1000
1000 350 223 620 647 872 635 397 199 908
1000 999 191 1 0 0 0 1 1 1000
49 486 94 450 260 492 664 373 392 765
1000 48 205 1 0 20 0 1 1 1000
203 360 795 563 0 356 0 785 473 1000
1000 416 856 1 0 250 0 1 1 1000
114 702 489 398 99 765 64 126 593 904
1000 235 341 393 388 223 385 164 325 673
31 563 63 924 789 257 606 35 788 990
442 75 665 885 120 275 324 220 380 968
103 624 305 87 0 277 0 338 596 1000
1000 0 0 1 0 1 0 1 1 1000
1000 767 788 1 0 500 0 1 1 1000
62 48 334 888 232 100 297 176 790 990
500 857 829 1 0 58 0 1 276 1000
1000 827 780 1 0 1 0 1 20 1000
954 857 164 196 440 874 478 165 876 963
420 672 292 425 371 164 165 895 910 957
737 572 674 573 927 741 142 702 311 940
28 750 828 304 388 543 186 2 441 1000
103 413 610 710 770 435 900 977 562 1000
49 792 648 56 113 54 936 581 571 976
1000 538 406 211 803 237 846 369 214 915
37 93 752 852 741 70 622 506 354 981
1000 183 169 18 60 604 503 495 301 922
1000 629 82 210 328 766 574 821 232 927
1000 977 0 1 0 1 0 1 0 1000
200 742 709 728 177 609 57 92 939 1000
1000 362 619 1 0 1 0 1 250 1000
84 382 954 852 214 292 405 988 702 996
51 907 52 51 0 390 0 994 328 1000
1000 821 143 237 358 515 218 6 150 955
1000 695 501 67 453 579 635 855 227 881
1000 913 955 1 0 117 0 1 252 1000
1000 0 0 1 0 11 0 1 11 1000
231 125 789 454 73 504 285 788 340 926
1000 439 486 854 889 663 659 41 782 981
22 60 887 267 0 75 0 600 746 1000
202 277 896 516 681 243 906 9 186 1000
1000 892 170 905 229 809 793 647 69 933
1000 44 692 448 563 675 410 617 296 916
146 652 829 726 672 666 312 42 446 833
842 502 255 972 538 577 828 111 235 975
1000 500 606 368 102 7 848 710 431 916
1000 157 522 1 0 1 0 1 500 1000
720 586 389 807 321 346 989 586 376 994
