100
5
1 2
2 3
2 4
3 4
3 5
3
1 2
1 3
2 3
9
1 2
1 3
1 8
1 9
2 5
2 7
3 4
4 6
7 8
23
1 2
1 3
1 6
1 13
1 18
2 4
2 5
2 19
3 8
4 16
5 19
5 21
6 7
6 12
7 9
7 10
8 11
9 15
10 17
11 14
13 23
15 22
18 20
5
1 2
1 4
1 5
2 3
3 5
30
1 2
1 11
1 12
1 14
1 15
1 25
1 26
2 3
2 4
2 7
2 8
2 16
2 22
3 9
3 10
4 5
5 6
5 13
6 24
7 21
7 23
7 29
9 20
10 19
10 20
11 17
12 30
15 18
19 27
25 28
20
1 2
1 3
1 5
1 20
3 4
3 10
3 13
4 7
4 9
4 16
5 6
5 10
5 11
5 14
6 8
6 18
9 12
10 15
10 19
11 17
10
1 2
2 3
2 4
2 7
3 5
5 6
6 9
7 8
7 9
7 10
16
1 2
1 4
1 11
2 3
2 5
2 6
3 8
4 7
4 15
5 10
6 9
6 15
8 14
9 13
10 16
11 12
13
1 2
2 3
2 4
3 5
4 9
4 11
5 6
5 7
5 13
6 8
7 10
9 13
11 12
16
1 2
1 3
1 4
1 5
1 6
2 7
2 13
2 16
3 13
6 8
7 14
8 9
8 10
8 12
9 11
14 15
7
1 2
1 3
1 5
1 6
2 4
2 7
5 7
24
1 2
1 4
2 3
2 6
2 12
2 16
2 18
4 5
4 21
4 22
5 7
5 8
5 9
6 14
6 15
8 10
10 11
10 19
11 17
12 13
12 24
14 23
16 20
18 20
19
1 2
1 6
1 7
1 13
2 3
2 4
2 10
3 19
4 5
4 11
4 14
4 17
5 15
6 8
6 9
6 12
6 18
8 16
8 18
11
1 2
1 3
1 5
1 8
2 4
2 6
2 7
2 10
5 9
6 8
8 11
30
1 2
1 3
1 4
1 5
1 9
1 17
1 18
2 19
3 7
3 8
3 24
4 12
4 29
5 6
5 14
5 26
5 28
6 23
7 13
7 16
8 10
8 11
10 25
11 15
14 20
15 24
17 27
19 21
20 22
23 30
15
1 2
1 4
1 15
2 3
2 6
2 7
3 5
3 15
4 8
4 9
5 11
6 12
7 13
8 10
10 14
30
1 2
1 3
1 5
1 20
2 14
2 16
3 4
3 8
3 9
3 26
4 6
5 8
5 21
5 27
6 7
6 10
6 12
6 19
7 11
7 13
7 29
9 18
11 17
12 15
12 25
13 22
15 24
19 23
25 28
27 30
12
1 2
1 4
1 6
1 7
1 10
2 3
2 9
3 5
5 6
5 11
6 8
7 12
5
1 2
1 3
1 4
3 4
4 5
16
1 2
1 14
2 3
2 5
2 10
2 16
3 4
3 7
3 12
4 8
5 6
5 11
5 14
6 9
6 15
7 13
6
1 2
1 5
2 3
2 6
3 4
3 6
7
1 2
1 3
1 5
2 4
3 6
4 7
5 7
5
1 2
1 3
2 4
2 5
3 4
9
1 2
1 3
1 5
2 4
3 7
3 8
4 6
5 9
6 9
17
1 2
1 4
1 6
1 8
2 3
2 5
4 14
4 15
5 9
5 13
6 7
6 11
6 12
7 10
8 17
9 17
15 16
6
1 2
1 3
2 3
3 4
3 5
4 6
11
1 2
2 3
2 4
2 5
2 7
2 10
2 11
3 6
3 8
4 9
7 11
21
1 2
1 7
2 3
2 4
2 9
2 21
3 8
3 15
4 5
4 6
4 13
5 9
5 11
6 16
6 19
7 17
8 10
8 14
8 18
11 12
19 20
26
1 2
1 4
1 9
2 3
2 8
2 14
3 10
4 5
4 6
4 11
4 13
6 7
6 15
6 19
8 17
8 24
9 12
10 26
11 16
11 18
12 23
15 21
16 26
19 20
21 22
21 25
23
1 2
1 4
1 5
1 8
2 3
3 9
3 11
3 14
4 10
4 12
5 6
5 7
5 17
5 21
7 13
7 19
10 16
10 20
12 17
12 18
12 23
13 15
14 22
5
1 2
1 3
1 4
2 5
4 5
29
1 2
1 3
1 5
1 24
2 7
3 4
3 6
4 12
5 11
5 21
6 8
6 9
7 19
8 10
8 18
9 13
10 14
11 23
12 15
12 29
13 17
15 16
15 20
16 26
17 18
17 25
21 22
21 27
27 28
21
1 2
1 15
1 20
2 3
2 4
2 10
3 5
4 13
4 17
5 6
6 7
6 9
6 11
6 16
7 8
8 14
9 12
9 20
15 18
16 19
19 21
5
1 2
1 4
2 3
2 4
4 5
7
1 2
1 3
2 4
2 5
3 7
4 6
5 7
26
1 2
1 3
1 6
1 7
1 13
1 14
1 21
1 22
2 4
2 5
2 10
2 16
2 23
3 12
3 20
6 9
6 15
7 8
9 24
10 11
11 18
15 17
15 19
16 26
18 23
22 25
26
1 2
1 3
1 24
2 6
2 18
3 4
3 21
4 5
4 7
4 8
4 22
4 23
5 13
5 15
6 11
6 14
8 9
8 10
8 21
9 25
10 17
11 12
14 16
14 19
14 20
18 26
9
1 2
2 3
2 5
2 7
3 4
3 6
5 7
5 8
5 9
19
1 2
1 3
1 4
1 6
1 17
2 5
2 9
3 11
3 13
4 12
4 14
5 10
6 7
6 8
7 8
8 15
9 18
11 19
14 16
9
1 2
1 4
1 5
1 7
2 3
3 6
3 8
3 9
8 9
13
1 2
1 4
1 7
1 8
1 10
2 3
2 6
3 5
4 12
5 9
5 11
10 12
12 13
22
1 2
1 3
1 7
1 14
1 19
2 12
2 22
3 4
3 13
4 5
4 10
4 15
4 16
5 6
5 9
6 8
6 22
7 11
7 18
12 20
16 17
20 21
12
1 2
1 3
1 4
2 5
2 7
2 12
3 6
3 9
3 11
4 8
7 8
7 10
26
1 2
1 16
2 3
2 6
2 7
2 8
2 10
3 4
3 5
3 24
4 9
4 12
4 17
5 11
5 22
6 20
7 15
8 14
10 18
12 13
12 19
12 23
13 26
17 21
23 25
23 26
28
1 2
1 3
1 10
1 15
1 26
2 4
2 6
2 9
2 11
3 5
3 7
3 8
7 13
8 12
9 17
11 14
11 23
11 25
12 14
12 16
13 24
13 27
14 20
14 22
14 28
15 18
16 19
17 21
15
1 2
1 3
1 7
1 9
1 11
2 5
2 6
3 4
3 13
4 8
4 14
5 14
9 10
10 12
14 15
16
1 2
1 5
1 13
2 3
2 4
2 6
2 9
2 15
3 10
3 12
4 16
5 7
7 8
7 11
10 14
10 16
9
1 2
1 3
3 4
3 8
4 5
5 6
6 7
6 9
8 9
25
1 2
1 9
1 11
1 20
2 3
2 7
3 4
3 5
3 15
4 6
4 8
6 12
8 10
8 19
11 14
11 18
12 13
12 16
13 14
13 17
16 22
16 25
20 21
20 23
22 24
23
1 2
1 3
2 6
2 14
3 4
3 5
3 7
3 8
3 13
4 9
5 21
6 10
6 16
9 11
9 12
9 15
12 17
12 18
12 22
13 19
13 20
18 19
22 23
5
1 2
1 3
1 5
3 4
3 5
5
1 2
1 3
2 3
3 4
4 5
14
1 2
1 3
1 5
1 14
2 3
2 4
2 7
3 6
3 8
4 9
7 10
10 11
10 12
10 13
17
1 2
1 4
1 9
2 3
2 7
3 6
4 5
5 16
7 8
7 10
7 15
8 12
9 11
10 13
11 12
11 14
15 17
25
1 2
1 7
2 3
2 8
2 10
3 4
3 6
3 12
3 23
4 5
5 9
5 11
5 14
5 16
6 15
7 17
8 21
8 24
9 18
10 19
11 13
13 20
13 24
14 25
20 22
23
1 2
1 3
1 7
1 8
2 5
2 19
3 4
3 12
4 6
5 9
5 11
6 9
6 22
7 17
7 20
8 10
8 13
10 18
12 16
13 14
14 15
14 21
17 23
5
1 2
1 3
2 4
3 4
3 5
4
1 2
1 3
1 4
2 3
16
1 2
1 3
1 6
1 9
1 11
2 5
2 10
3 4
3 8
3 13
4 11
6 7
7 12
8 16
12 14
13 15
8
1 2
1 4
1 5
1 6
2 3
2 7
2 8
3 4
23
1 2
1 3
1 4
1 9
3 5
3 6
3 8
3 17
5 10
6 7
6 20
8 11
8 23
10 13
10 15
10 23
11 12
11 16
11 18
13 14
13 22
17 19
20 21
30
1 2
1 3
1 4
1 14
2 7
2 9
2 22
3 5
3 24
4 6
4 10
5 19
6 8
6 11
6 12
6 27
7 16
8 18
8 23
8 26
9 28
10 15
11 13
11 20
13 25
16 17
18 21
19 21
19 30
24 29
8
1 2
1 3
1 5
2 4
2 7
3 6
4 7
7 8
25
1 2
1 5
1 8
1 12
2 3
2 4
2 14
3 16
3 17
4 6
5 10
6 7
6 9
6 20
6 21
6 23
7 11
8 13
8 18
8 22
13 19
14 15
19 20
21 24
22 25
22
1 2
1 3
1 4
1 5
1 11
1 15
3 6
3 14
4 7
4 8
4 12
4 17
7 10
7 15
8 9
8 20
10 19
10 22
11 16
11 18
12 13
19 21
24
1 2
1 5
1 17
2 3
2 8
2 23
3 4
3 6
3 9
3 10
4 11
4 12
4 15
4 24
5 7
6 16
11 19
11 21
12 13
13 14
13 22
17 18
17 19
19 20
21
1 2
1 3
1 4
1 8
1 13
2 6
2 20
3 5
4 16
5 7
6 9
7 11
7 15
7 17
8 10
9 12
10 14
10 18
11 19
12 21
13 20
27
1 2
1 3
1 15
1 17
1 24
2 3
2 6
2 10
2 12
3 4
3 5
4 7
4 13
4 19
4 23
5 8
5 9
6 11
7 18
7 20
11 22
12 16
13 14
18 21
21 26
22 25
23 27
6
1 2
2 3
2 5
2 6
3 4
3 5
16
1 2
1 3
1 6
1 7
2 4
2 14
3 5
4 10
5 8
6 9
6 11
8 12
10 11
10 13
11 15
12 16
30
1 2
1 3
1 4
1 19
2 6
3 5
3 7
3 8
3 14
5 15
7 10
8 9
8 24
9 18
10 11
11 12
11 16
12 13
12 25
14 22
14 26
15 17
16 20
16 28
17 23
18 27
19 21
19 30
22 29
23 28
30
1 2
1 3
2 3
3 4
4 5
5 6
6 7
7 8
8 9
9 10
10 11
11 12
12 13
13 14
14 15
15 16
16 17
17 18
18 19
19 20
20 21
21 22
22 23
23 24
24 25
25 26
26 27
27 28
28 29
29 30
5
1 2
1 3
1 4
2 3
4 5
4
1 2
1 3
1 4
2 4
7
1 2
1 4
2 3
2 6
3 7
4 5
4 6
14
1 2
1 4
1 7
1 11
1 12
2 3
2 5
4 6
4 9
4 10
4 13
5 8
5 12
13 14
10
1 2
1 3
1 4
1 5
2 6
2 7
3 8
3 10
5 6
7 9
9
1 2
1 4
1 7
2 3
3 5
3 6
4 5
6 8
6 9
12
1 2
1 4
1 7
2 3
3 10
3 11
4 5
4 12
5 6
5 8
7 9
10 11
15
1 2
1 5
1 6
1 10
2 3
2 4
2 12
3 5
4 7
4 13
5 8
6 11
7 9
11 14
14 15
30
1 2
1 30
2 3
3 4
4 5
5 6
6 7
7 8
8 9
9 10
10 11
11 12
12 13
13 14
14 15
15 16
16 17
17 18
18 19
19 20
20 21
21 22
22 23
23 24
24 25
25 26
26 27
27 28
28 29
29 30
4
1 2
1 3
2 3
3 4
21
1 2
1 3
1 4
1 6
2 8
3 5
5 20
6 7
8 9
8 12
8 13
8 14
9 10
9 11
9 15
10 21
11 16
15 17
15 20
16 18
17 19
8
1 2
1 3
1 4
1 5
2 6
3 7
5 7
7 8
14
1 2
1 5
1 6
1 11
2 3
2 4
2 7
3 12
4 8
5 10
6 7
8 9
8 14
9 13
15
1 2
1 3
1 4
1 8
1 13
2 6
3 5
4 9
4 11
5 12
6 7
6 12
8 10
9 14
10 15
30
1 2
2 3
3 4
4 5
5 6
6 7
7 8
8 9
9 10
10 11
11 12
12 13
13 14
14 15
15 16
16 17
17 18
18 19
19 20
20 21
21 22
22 23
23 24
24 25
25 26
26 27
27 28
28 29
28 30
29 30
29
1 2
1 7
1 13
2 3
2 15
3 4
3 5
3 8
4 16
4 24
5 6
5 9
5 10
5 17
5 19
6 12
7 27
8 11
10 14
10 17
10 21
11 20
12 29
16 18
19 23
19 26
20 22
20 25
27 28
26
1 2
1 3
1 11
2 4
2 5
2 6
4 9
5 14
6 7
6 12
6 18
6 22
7 8
8 20
9 10
10 15
10 16
12 13
12 21
13 16
13 17
16 19
17 24
17 25
22 23
22 26
14
1 2
1 3
1 12
2 11
3 4
3 8
4 5
4 6
5 7
5 12
8 9
8 10
8 13
8 14
24
1 2
1 3
1 5
1 10
1 23
2 13
2 14
3 4
3 6
3 7
4 12
4 16
5 15
6 8
7 20
8 9
9 11
11 18
11 21
12 17
12 19
12 24
15 16
15 22
28
1 2
1 4
1 5
2 3
2 9
3 8
3 10
3 13
3 20
3 21
3 24
4 6
4 23
5 7
6 12
7 11
7 14
7 16
7 22
9 18
9 19
10 27
11 12
14 15
14 17
21 25
23 26
27 28
22
1 2
2 3
3 4
3 5
3 7
4 6
4 8
4 11
4 19
5 18
6 9
6 14
6 16
9 10
10 15
11 12
11 13
12 20
12 21
13 17
13 22
17 20
9
1 2
1 3
1 4
2 5
2 6
3 5
5 7
6 8
6 9
16
1 2
1 4
2 3
2 7
2 13
3 5
4 6
4 12
4 15
6 7
6 8
6 9
7 11
7 14
7 16
9 10
28
1 2
1 3
1 6
1 8
1 10
1 14
1 17
1 23
2 4
2 5
2 7
2 13
5 12
5 28
6 9
6 19
8 11
8 15
9 16
9 25
10 20
10 25
13 18
13 22
17 24
17 26
19 21
19 27
6
1 2
1 4
1 5
1 6
2 3
4 6
14
1 2
1 3
1 5
1 8
2 11
3 4
3 10
3 12
5 6
6 7
7 9
7 13
8 9
9 14
17
1 2
1 3
2 4
2 8
2 9
2 15
2 17
3 14
4 5
4 6
4 13
5 7
6 10
6 11
7 16
9 12
12 13
