100
5
1 2
2 3
2 4
3 4
3 5
3
1 2
1 3
2 3
4
1 2
1 4
2 3
3 4
7
1 2
1 4
2 3
2 5
2 6
2 7
5 6
17
1 2
1 4
1 5
2 3
2 7
2 11
3 6
3 12
5 8
5 13
5 15
6 14
6 17
7 11
8 9
8 10
9 16
25
1 2
1 4
1 8
1 10
1 24
2 3
2 6
2 11
2 17
3 5
3 15
4 7
4 9
5 16
6 14
6 18
6 20
6 25
8 12
8 19
12 13
12 21
13 23
16 24
17 22
27
1 2
1 6
1 11
1 13
1 24
2 3
2 4
2 7
2 9
2 10
2 14
3 5
3 16
5 17
5 27
6 15
6 19
7 8
7 12
8 18
9 15
13 21
18 22
19 20
19 23
19 25
20 26
26
1 2
1 3
2 4
3 9
3 23
4 5
4 6
4 10
5 7
6 12
7 8
7 11
7 18
7 19
10 16
10 17
10 24
11 13
11 15
12 14
12 21
14 26
17 20
17 22
17 25
19 24
21
1 2
1 13
2 3
2 4
2 6
4 5
4 7
4 20
5 8
5 18
6 10
7 9
8 11
8 12
8 21
11 17
11 19
11 20
12 16
13 14
14 15
21
1 2
1 3
2 4
2 7
2 8
2 19
3 9
4 5
4 13
4 16
5 6
5 21
7 10
7 11
9 15
10 12
10 17
11 14
14 17
15 20
16 18
9
1 2
1 3
1 4
1 7
2 5
2 6
2 8
3 9
6 8
4
1 2
1 3
2 4
3 4
11
1 2
1 4
2 3
2 5
2 10
3 6
3 9
3 11
4 9
6 7
6 8
28
1 2
1 12
2 3
2 4
2 5
2 6
2 9
2 20
2 25
2 27
5 7
5 28
6 14
6 16
6 17
7 8
7 11
9 10
9 21
10 24
11 13
11 15
12 19
12 26
15 22
16 18
18 23
21 28
28
1 2
1 3
1 4
2 10
4 5
4 6
4 8
5 7
5 18
7 24
8 9
8 12
9 11
10 26
10 27
11 15
11 19
12 13
12 14
13 16
13 20
14 17
14 23
15 25
16 19
17 21
17 22
26 28
29
1 2
1 3
1 6
1 10
1 12
1 14
1 25
2 7
2 24
3 4
3 9
3 11
4 5
4 21
6 13
7 8
7 17
8 16
8 28
11 15
11 18
12 20
12 22
13 23
14 19
15 27
20 27
21 26
27 29
6
1 2
1 3
1 4
1 6
3 5
3 6
6
1 2
2 3
2 4
3 5
4 5
5 6
26
1 2
1 3
1 22
2 4
2 8
3 5
3 6
3 10
3 13
3 21
4 7
5 9
6 11
6 17
7 16
7 26
8 12
8 14
9 19
10 15
10 25
12 23
13 24
14 18
18 20
19 21
10
1 2
2 3
2 10
3 4
3 5
3 7
4 10
5 6
5 9
7 8
26
1 2
1 3
1 6
1 9
1 22
2 5
2 8
2 10
2 11
2 18
3 4
3 13
4 19
4 21
5 7
5 11
6 12
7 17
9 15
10 14
14 16
14 20
15 24
16 23
16 25
18 26
4
1 2
2 3
2 4
3 4
29
1 2
1 4
1 10
2 3
2 5
2 6
2 12
2 26
3 9
3 11
4 18
5 7
5 8
5 22
5 25
5 29
6 13
8 15
8 24
8 28
9 14
10 20
11 19
12 23
13 16
15 17
18 24
19 21
20 27
13
1 2
1 4
1 7
1 10
2 3
2 8
3 9
4 5
4 6
5 12
6 10
9 11
9 13
29
1 2
1 10
1 22
2 3
2 11
3 4
3 6
3 8
4 5
4 9
5 12
6 7
6 24
7 16
8 9
8 15
10 13
10 18
10 23
12 25
13 14
13 19
14 17
14 21
17 20
24 26
24 27
26 29
27 28
30
1 2
2 3
2 10
2 21
2 22
2 24
3 4
3 13
4 5
4 6
4 9
6 7
6 8
6 19
7 12
8 11
9 27
10 30
11 15
11 23
11 27
12 14
12 16
12 29
14 17
14 18
15 20
20 25
21 26
21 28
9
1 2
1 3
1 6
1 8
2 5
2 9
3 4
3 5
4 7
30
1 2
1 3
2 3
3 4
4 5
5 6
6 7
7 8
8 9
9 10
10 11
11 12
12 13
13 14
14 15
15 16
16 17
17 18
18 19
19 20
20 21
21 22
22 23
23 24
24 25
25 26
26 27
27 28
28 29
29 30
17
1 2
1 3
1 6
1 8
1 9
2 5
3 4
6 7
6 11
7 10
7 13
8 12
9 15
10 14
11 13
12 16
12 17
16
1 2
2 3
2 5
2 12
3 4
3 15
4 16
5 6
5 8
5 10
5 14
6 7
7 11
8 9
9 14
12 13
5
1 2
1 3
2 4
3 4
3 5
22
1 2
2 3
2 5
3 4
3 5
3 8
3 17
4 13
4 14
5 6
5 7
5 11
6 9
7 10
7 19
11 12
12 16
12 18
13 15
15 21
16 20
16 22
16
1 2
1 3
1 5
1 6
2 4
2 11
2 13
3 16
4 9
6 7
6 8
6 9
6 10
7 12
8 14
9 15
8
1 2
1 5
1 8
2 3
3 4
4 6
4 8
5 7
11
1 2
1 3
1 4
1 5
1 10
3 8
3 9
3 10
4 6
6 7
8 11
26
1 2
1 3
1 4
1 5
1 13
2 8
2 19
2 24
3 6
3 11
3 12
4 16
5 7
5 10
6 21
7 9
7 14
12 15
12 18
13 17
13 23
14 22
16 25
18 19
19 20
21 26
30
1 2
1 4
1 5
1 6
2 3
3 10
3 16
3 19
4 8
4 12
5 7
5 9
5 13
7 14
8 18
8 27
9 29
10 11
10 13
10 17
10 26
12 24
12 25
12 28
13 15
13 20
14 21
15 23
18 22
20 30
22
1 2
1 9
1 12
1 15
2 3
2 4
2 5
2 6
3 7
3 8
3 13
3 16
3 20
4 18
5 10
5 14
5 17
5 19
6 11
8 21
18 20
20 22
10
1 2
2 3
2 4
2 6
2 10
3 5
3 7
5 7
5 8
8 9
10
1 2
1 3
1 10
2 5
3 4
5 6
5 7
5 8
7 8
7 9
14
1 2
1 12
2 3
2 6
2 8
2 13
3 4
3 5
5 9
5 10
6 7
10 11
12 13
12 14
14
1 2
1 4
1 6
1 9
2 3
3 10
4 5
5 8
5 11
5 14
6 7
8 11
9 12
9 13
12
1 2
1 4
1 5
1 6
1 7
1 9
2 3
2 11
2 12
3 8
7 10
10 11
20
1 2
1 3
1 4
3 5
3 14
4 6
4 7
4 11
5 19
6 12
6 13
7 8
7 17
7 20
8 9
9 10
11 15
12 16
13 16
14 18
7
1 2
2 3
2 4
2 6
3 6
4 5
5 7
15
1 2
1 9
1 13
2 3
2 5
2 6
3 4
4 10
5 7
6 7
6 8
6 12
8 15
10 11
10 14
19
1 2
1 7
1 12
1 19
2 3
2 4
2 5
3 6
4 11
4 16
5 8
5 10
5 17
8 9
8 13
8 15
8 18
9 14
13 18
26
1 2
1 3
1 9
2 4
2 5
2 16
2 18
2 24
3 12
3 15
4 6
4 7
4 8
5 21
7 19
7 25
8 11
8 22
9 10
10 13
11 13
12 14
14 23
16 17
18 26
19 20
9
1 2
1 6
1 7
2 3
2 4
2 9
3 8
4 5
5 6
7
1 2
1 3
1 4
2 5
3 6
3 7
4 5
8
1 2
1 3
1 4
1 5
1 6
4 6
5 7
6 8
18
1 2
1 3
1 6
1 7
2 4
2 9
2 11
3 5
3 16
4 14
4 17
5 8
6 13
7 11
8 12
9 10
9 15
14 18
9
1 2
1 3
1 6
1 9
2 5
2 7
3 4
4 8
4 9
9
1 2
1 3
1 5
1 9
2 7
2 8
2 9
3 4
5 6
30
1 2
1 30
2 3
3 4
4 5
5 6
6 7
7 8
8 9
9 10
10 11
11 12
12 13
13 14
14 15
15 16
16 17
17 18
18 19
19 20
20 21
21 22
22 23
23 24
24 25
25 26
26 27
27 28
28 29
29 30
13
1 2
1 3
1 5
2 4
3 6
4 10
5 7
5 8
6 9
6 11
6 12
7 9
10 13
19
1 2
1 5
1 6
1 10
1 15
2 3
3 4
3 7
3 13
3 16
3 19
5 12
6 8
6 9
9 11
11 14
12 13
13 18
14 17
11
1 2
1 3
1 4
3 5
3 6
4 8
4 10
5 7
5 9
6 9
9 11
9
1 2
2 3
3 4
3 5
3 6
3 7
4 6
7 8
8 9
11
1 2
1 4
1 8
2 3
2 5
2 10
3 7
4 6
5 9
5 11
6 9
14
1 2
1 3
1 4
1 6
2 8
3 5
3 8
4 10
6 7
7 11
7 12
7 14
8 9
12 13
4
1 2
1 3
2 3
2 4
25
1 2
1 3
1 8
1 11
1 20
2 4
4 5
4 6
4 12
5 7
5 9
5 14
5 15
6 13
7 13
8 22
9 10
11 16
11 19
12 18
15 17
16 21
17 23
22 24
22 25
8
1 2
1 3
1 5
1 7
2 4
5 6
5 8
6 8
26
1 2
1 3
1 5
1 10
2 4
2 7
2 9
2 16
2 19
3 6
3 12
5 8
5 11
5 13
6 18
7 8
7 23
8 15
10 14
10 21
10 24
15 17
16 20
20 22
21 25
25 26
8
1 2
1 7
2 3
2 4
3 6
4 5
6 7
7 8
27
1 2
1 3
2 4
2 15
2 27
3 6
4 5
4 6
4 7
4 16
4 22
5 13
6 9
7 8
7 11
7 21
8 10
8 14
9 23
11 12
11 19
13 17
15 20
17 18
19 26
21 24
23 25
21
1 2
1 15
2 3
2 6
3 4
3 8
4 5
4 20
4 21
6 7
6 9
6 11
7 10
7 13
7 14
7 17
8 12
8 16
9 18
12 19
14 16
15
1 2
1 8
2 3
2 4
2 5
3 6
4 11
4 15
5 9
5 10
6 7
6 13
8 14
11 12
12 15
30
1 2
1 9
1 21
2 3
2 5
2 10
2 12
2 29
3 4
3 6
3 8
4 14
5 7
5 11
5 13
6 17
8 16
8 23
9 30
10 13
10 20
13 22
13 25
14 15
14 18
14 24
14 26
14 27
18 19
20 28
30
1 2
1 3
1 4
1 8
1 11
1 24
2 10
2 14
3 5
3 7
3 13
4 6
6 9
6 21
7 8
7 27
8 18
8 23
9 17
10 12
12 15
12 30
13 16
13 20
15 25
15 26
16 22
18 19
21 29
25 28
17
1 2
1 3
2 4
2 5
2 11
3 6
5 7
6 8
7 10
7 12
8 9
8 16
9 15
9 16
10 14
10 17
12 13
13
1 2
1 3
1 4
1 7
1 9
2 6
4 5
4 8
4 12
6 10
6 11
8 11
9 13
5
1 2
1 4
2 3
2 5
3 5
21
1 2
2 3
2 6
2 8
2 16
3 4
3 11
4 5
4 15
5 7
5 9
5 13
7 10
7 21
9 14
9 17
11 12
13 18
14 15
16 19
16 20
30
1 2
1 3
1 5
1 17
1 25
1 26
2 27
2 29
3 4
3 6
3 8
3 12
3 15
4 9
4 11
4 13
5 10
6 7
7 16
8 28
12 14
12 19
13 18
14 30
15 19
15 20
15 22
20 21
22 23
22 24
21
1 2
1 3
1 15
2 4
2 5
2 10
3 6
3 15
4 8
4 13
4 18
4 19
5 14
6 7
7 9
8 11
10 12
10 16
16 17
16 20
17 21
6
1 2
1 3
1 6
3 4
3 5
4 5
17
1 2
1 3
1 7
3 4
3 5
3 6
3 14
4 8
4 10
5 15
5 17
6 11
8 9
10 12
10 13
10 17
14 16
5
1 2
2 3
2 5
3 4
4 5
18
1 2
1 3
1 6
2 4
2 7
2 8
2 10
3 5
5 12
5 13
6 18
7 11
7 15
8 9
8 17
11 14
12 17
14 16
7
1 2
1 3
2 3
2 4
2 5
5 6
5 7
7
1 2
1 3
1 5
2 4
3 7
4 6
4 7
27
1 2
1 3
1 4
1 6
1 7
1 11
1 16
1 22
2 14
3 5
3 18
3 26
4 9
4 15
4 21
6 8
6 10
9 25
11 12
11 17
11 21
12 13
14 20
14 24
15 23
18 19
25 27
12
1 2
2 3
2 5
2 10
3 4
3 12
4 9
4 11
5 6
5 8
6 7
7 8
30
1 2
2 3
3 4
4 5
5 6
6 7
7 8
8 9
9 10
10 11
11 12
12 13
13 14
14 15
15 16
16 17
17 18
18 19
19 20
20 21
21 22
22 23
23 24
24 25
25 26
26 27
27 28
28 29
28 30
29 30
18
1 2
1 3
1 5
1 8
2 4
2 7
2 11
4 6
6 10
6 17
7 12
7 14
8 9
8 13
8 15
9 10
11 16
12 18
4
1 2
1 4
2 3
2 4
24
1 2
1 4
1 6
1 11
2 3
2 8
2 10
4 5
4 7
4 12
6 14
6 20
6 21
7 23
8 9
8 13
8 16
8 17
10 15
10 18
13 19
14 16
17 22
23 24
10
1 2
1 3
1 6
2 4
2 5
2 8
4 7
4 8
4 9
5 10
20
1 2
1 6
2 3
2 9
2 19
2 20
3 4
3 5
3 13
3 15
4 11
5 8
6 7
6 10
6 14
8 12
8 14
9 18
10 16
15 17
6
1 2
2 3
2 4
2 5
3 5
5 6
5
1 2
1 4
1 5
2 3
2 5
22
1 2
1 4
1 5
1 6
2 3
2 7
2 9
2 17
4 8
4 12
5 16
5 20
7 11
7 18
8 10
8 13
9 14
11 21
13 15
16 19
18 22
19 20
26
1 2
1 3
1 4
2 6
2 7
2 8
3 17
4 5
4 10
5 11
5 13
6 12
7 19
8 9
8 17
9 16
12 14
12 20
13 18
14 15
14 24
15 22
15 26
17 25
20 21
22 23
9
1 2
1 8
2 3
2 4
2 7
4 5
5 6
5 9
6 9
15
1 2
1 4
1 5
1 14
2 3
3 7
3 12
3 15
4 6
4 8
6 13
7 15
8 9
9 10
10 11
23
1 2
1 4
1 6
1 8
2 3
2 7
2 9
2 10
2 17
3 5
5 14
8 22
9 11
9 12
9 13
9 23
11 15
12 18
13 18
13 19
14 16
15 20
18 21
25
1 2
1 8
2 3
2 4
3 5
3 10
3 18
4 12
5 6
5 13
5 17
6 7
6 9
7 16
7 24
8 14
8 20
9 11
10 14
12 19
13 15
13 21
15 22
15 23
24 25
5
1 2
2 3
2 4
2 5
3 5
