100
5
1 2
2 3
2 4
3 4
3 5
3
1 2
1 3
2 3
20
1 2
1 7
1 9
2 3
2 4
2 17
3 5
3 6
3 10
4 11
4 14
5 8
5 12
6 16
7 20
8 13
12 17
13 15
16 18
18 19
13
1 2
1 4
1 9
2 3
2 5
2 7
2 10
4 6
4 8
5 8
5 12
8 11
11 13
6
1 2
1 3
1 6
2 3
2 4
4 5
5
1 2
1 3
2 3
2 4
3 5
30
1 2
2 3
3 4
4 5
5 6
6 7
7 8
8 9
9 10
10 11
11 12
12 13
13 14
14 15
15 16
16 17
17 18
18 19
19 20
20 21
21 22
22 23
23 24
24 25
25 26
26 27
27 28
28 29
28 30
29 30
30
1 2
1 3
1 8
1 16
1 30
2 22
3 4
3 5
3 7
3 10
3 20
3 26
4 6
4 11
4 12
4 14
4 25
5 13
6 9
6 23
7 18
7 19
10 15
10 21
12 24
12 28
15 16
16 17
18 29
24 27
10
1 2
2 3
2 9
3 4
3 10
4 5
4 9
5 6
5 7
6 8
18
1 2
1 8
2 3
2 4
2 5
2 7
3 10
3 13
5 6
5 11
6 17
7 9
7 12
7 14
10 18
12 16
13 14
14 15
7
1 2
1 3
1 4
2 6
3 5
5 7
6 7
9
1 2
1 4
2 3
2 6
2 8
3 7
3 8
4 5
8 9
28
1 2
1 4
1 14
2 3
2 8
3 7
3 20
3 23
4 5
4 6
4 18
5 9
6 22
7 15
8 11
8 16
8 17
9 10
9 12
9 25
12 13
14 16
16 21
17 24
17 27
18 19
20 28
24 26
29
1 2
1 5
1 7
1 14
2 3
2 6
2 9
2 10
3 4
3 12
4 20
5 16
6 27
7 8
7 13
8 11
8 15
8 25
9 18
10 17
11 22
11 24
12 13
12 19
12 26
12 29
15 21
19 23
26 28
19
1 2
1 3
1 4
2 7
4 5
4 6
4 15
5 14
5 17
7 8
7 9
7 12
8 11
9 10
10 13
12 17
13 16
15 19
17 18
7
1 2
1 5
1 7
2 3
2 4
2 6
3 6
5
1 2
2 3
2 4
2 5
4 5
12
1 2
1 5
1 6
2 3
2 9
3 4
5 7
5 8
5 11
6 9
8 12
9 10
6
1 2
1 4
1 5
1 6
2 3
5 6
13
1 2
2 3
2 4
3 5
3 6
3 13
4 7
4 8
4 12
5 9
5 10
7 11
8 11
17
1 2
2 3
2 4
2 12
3 6
4 5
4 10
4 15
5 9
5 12
5 13
6 7
6 8
9 14
10 11
13 16
16 17
29
1 2
1 4
1 10
1 11
2 3
2 7
3 16
4 5
4 6
4 15
4 19
4 27
5 8
5 9
5 23
6 18
7 13
7 14
10 12
10 17
11 21
12 24
12 25
13 26
14 22
17 20
21 22
21 28
24 29
14
1 2
1 4
1 5
2 3
2 6
2 10
3 7
3 9
3 12
3 13
5 8
6 14
8 11
11 14
30
1 2
1 9
1 16
2 3
2 4
2 7
2 27
3 5
3 6
3 13
4 10
4 24
5 8
5 11
5 30
6 19
7 12
7 21
9 17
10 22
11 15
12 13
12 18
12 25
13 14
15 20
15 29
17 23
22 26
25 28
23
1 2
1 3
1 4
1 22
2 7
3 6
3 9
3 12
3 15
3 21
4 5
4 8
4 10
4 11
4 17
5 14
6 11
8 20
9 23
10 19
11 13
11 16
15 18
8
1 2
1 3
1 6
1 7
3 4
4 5
4 7
4 8
26
1 2
1 3
1 9
1 16
1 17
1 18
2 4
3 5
4 23
5 6
5 7
5 12
6 10
7 8
7 15
7 20
8 11
8 21
9 22
11 13
12 14
12 20
14 19
20 24
21 25
21 26
8
1 2
2 3
2 4
2 6
2 7
3 5
3 6
3 8
9
1 2
1 4
2 3
2 7
2 8
3 5
3 6
5 7
7 9
17
1 2
1 7
1 8
2 3
2 4
2 12
2 14
4 5
5 6
6 10
6 11
7 9
7 15
8 13
8 17
10 16
12 16
29
1 2
1 6
2 3
2 10
2 15
3 4
3 11
3 12
4 5
5 7
6 8
6 24
7 20
8 9
8 16
9 13
9 18
9 29
10 27
11 14
11 22
12 21
12 25
13 17
14 20
15 19
16 28
22 23
22 26
25
1 2
1 24
2 3
2 5
2 6
2 7
2 11
2 18
3 4
3 12
3 14
3 19
4 21
5 13
5 22
6 9
6 15
7 8
7 19
9 10
12 16
12 25
13 17
13 23
16 20
13
1 2
1 4
1 10
2 3
2 6
2 7
2 8
3 12
4 5
4 9
4 13
7 11
8 9
10
1 2
2 3
2 4
2 7
3 5
3 6
3 9
3 10
7 8
9 10
21
1 2
1 5
1 15
2 3
2 6
2 9
2 18
3 4
3 6
3 7
3 16
4 12
5 11
7 8
8 10
8 17
8 19
9 14
12 13
12 21
13 20
14
1 2
1 3
1 5
2 4
2 11
3 9
4 6
4 10
6 7
6 8
7 9
8 12
9 14
11 13
16
1 2
1 8
1 9
1 11
2 3
2 4
2 5
2 14
4 12
5 6
5 10
6 7
7 13
8 15
11 13
12 16
14
1 2
1 3
1 6
1 10
2 9
3 4
3 7
4 5
4 14
6 8
7 11
7 13
9 10
11 12
29
1 2
1 3
1 25
2 4
2 6
3 7
3 9
3 27
4 5
4 10
4 14
4 16
5 15
6 8
7 18
8 11
8 12
8 17
8 19
9 28
10 13
12 29
15 22
16 23
16 24
17 21
18 24
19 20
21 26
30
1 2
1 30
2 3
3 4
4 5
5 6
6 7
7 8
8 9
9 10
10 11
11 12
12 13
13 14
14 15
15 16
16 17
17 18
18 19
19 20
20 21
21 22
22 23
23 24
24 25
25 26
26 27
27 28
28 29
29 30
14
1 2
1 3
1 6
1 7
2 11
3 4
3 10
3 14
4 5
4 9
6 12
6 13
7 8
10 14
25
1 2
1 3
1 13
1 23
2 8
2 18
3 4
3 5
3 12
4 9
4 25
5 6
5 7
6 10
8 9
8 16
9 14
10 11
10 15
10 19
11 17
11 22
15 24
16 20
19 21
21
1 2
1 3
1 14
1 16
1 21
2 5
2 6
2 10
2 18
3 4
3 7
3 8
3 9
3 11
4 15
4 17
10 19
11 12
12 13
13 14
19 20
30
1 2
1 9
1 10
2 3
2 5
2 11
2 17
2 24
3 4
3 6
3 8
3 22
3 30
4 29
5 7
5 28
8 12
9 14
9 19
9 26
10 25
12 13
12 16
12 18
13 23
14 15
15 20
18 19
20 21
21 27
4
1 2
1 3
2 3
3 4
15
1 2
1 3
3 4
3 5
3 9
3 10
3 15
4 11
5 6
5 7
5 8
5 12
8 10
8 13
8 14
20
1 2
1 4
2 3
2 5
3 17
4 6
4 7
4 12
5 9
5 13
6 10
7 8
7 14
9 16
9 17
10 11
10 15
12 18
15 20
16 19
25
1 2
1 3
1 11
2 4
2 5
3 14
4 7
4 9
5 6
5 19
5 20
6 8
6 10
6 18
7 15
7 25
8 16
8 17
9 13
9 21
11 12
11 23
18 22
22 25
23 24
25
1 2
1 4
1 5
1 6
1 7
2 3
3 9
3 12
3 15
4 8
4 18
5 13
8 12
8 19
9 10
9 11
9 21
11 16
13 14
13 17
18 24
19 20
20 25
21 22
22 23
27
1 2
1 3
1 5
1 8
1 9
1 22
1 25
2 4
3 6
3 7
3 11
3 13
3 15
5 10
5 12
5 18
5 26
6 14
11 24
13 16
15 17
16 20
17 19
17 21
21 23
22 27
23 26
14
1 2
1 3
1 4
1 6
2 12
2 14
3 5
3 7
3 8
4 5
6 9
6 11
8 10
11 13
5
1 2
1 3
2 3
2 4
2 5
8
1 2
1 7
2 3
3 4
3 5
3 7
4 6
7 8
22
1 2
1 3
1 6
1 7
2 4
2 5
3 10
5 11
5 12
7 8
7 14
7 17
7 19
8 9
8 13
11 21
12 18
13 15
13 20
14 16
18 20
19 22
20
1 2
2 3
2 4
2 12
2 18
3 5
3 6
3 8
3 17
5 7
6 10
6 20
7 9
8 11
8 16
12 13
13 14
13 15
17 19
18 19
8
1 2
1 3
2 4
3 6
4 5
4 7
5 7
7 8
10
1 2
1 4
1 5
2 3
3 9
4 6
4 8
5 9
6 7
7 10
4
1 2
1 3
2 3
2 4
26
1 2
1 3
1 15
1 23
2 7
2 11
3 4
4 5
4 6
4 20
4 26
5 8
5 13
5 21
6 10
6 22
7 9
7 23
8 12
8 16
10 14
10 19
11 17
13 18
16 24
18 25
7
1 2
1 3
1 4
1 5
3 4
3 7
5 6
19
1 2
1 3
1 11
1 12
2 16
3 4
3 7
3 14
4 5
4 8
4 13
5 6
6 9
7 15
8 12
9 10
11 19
13 18
14 17
14
1 2
1 3
1 10
2 4
3 5
3 9
4 6
4 7
4 8
5 13
7 14
9 11
11 12
12 14
7
1 2
1 3
1 4
1 5
1 7
3 7
4 6
9
1 2
2 3
2 5
3 4
3 6
3 9
4 5
6 7
7 8
19
1 2
1 3
1 6
1 7
1 11
2 10
3 4
3 5
3 9
5 8
5 12
5 15
9 14
9 16
9 17
10 18
12 13
12 15
17 19
27
1 2
1 3
1 4
1 8
1 27
2 7
2 17
4 5
4 6
4 14
4 24
5 11
5 22
6 13
6 23
7 10
7 18
8 9
10 12
11 17
12 15
12 25
13 16
13 21
15 19
17 20
19 26
21
1 2
1 3
2 4
2 6
2 17
3 5
3 8
4 12
5 9
5 13
5 15
6 7
6 14
7 17
8 10
9 11
10 19
12 20
12 21
15 16
17 18
21
1 2
1 6
2 3
2 4
2 20
2 21
3 5
4 8
6 7
6 17
7 9
7 10
8 13
9 11
10 12
10 13
10 15
11 16
11 18
13 14
16 19
25
1 2
1 6
1 7
1 10
2 3
2 4
2 13
2 23
2 24
3 5
3 8
3 14
4 9
4 11
6 16
7 12
11 15
11 25
12 17
12 21
15 18
15 20
16 19
19 23
20 22
8
1 2
1 4
1 5
1 7
2 3
4 6
4 8
6 7
9
1 2
1 5
1 8
2 3
2 5
3 4
3 7
5 6
5 9
8
1 2
1 3
1 4
2 5
2 7
3 4
4 6
6 8
30
1 2
1 15
1 17
2 3
2 5
2 9
2 11
3 4
4 7
5 6
5 19
5 22
5 27
7 8
7 12
7 14
8 10
8 28
9 13
9 18
10 16
12 24
13 20
14 21
14 30
16 26
17 21
17 23
24 25
26 29
13
1 2
2 3
2 4
2 5
2 9
3 6
3 13
4 5
5 7
5 8
5 10
7 11
11 12
17
1 2
1 4
2 3
2 6
2 9
4 5
4 7
4 8
4 11
5 12
6 17
7 13
9 10
10 12
12 14
14 15
15 16
27
1 2
1 3
1 6
1 8
1 14
1 25
2 13
3 4
4 5
4 17
5 7
7 9
7 10
7 11
7 22
8 16
8 19
8 21
9 23
10 24
11 12
11 15
12 18
12 27
14 27
16 20
18 26
5
1 2
1 3
1 5
3 4
4 5
13
1 2
2 3
3 4
3 5
3 8
3 10
3 12
5 6
5 7
5 9
5 13
6 9
10 11
13
1 2
1 6
1 7
1 13
2 3
2 4
2 10
3 9
3 11
4 5
5 8
6 12
7 11
19
1 2
1 3
1 10
1 11
2 6
2 7
2 15
2 17
3 4
4 5
4 9
4 13
5 8
5 14
7 14
11 12
11 16
11 18
17 19
11
1 2
1 4
1 7
2 3
3 5
3 6
4 11
5 8
5 9
5 10
6 8
5
1 2
1 3
1 4
1 5
2 4
26
1 2
1 3
1 4
1 5
1 10
1 25
2 24
4 6
4 8
4 20
6 7
6 23
8 9
9 11
9 16
10 14
10 15
11 12
12 13
14 17
14 19
14 21
14 25
17 18
17 22
20 26
29
1 2
1 4
1 6
1 7
1 21
2 3
2 8
3 11
3 12
3 13
4 5
5 9
5 10
5 22
7 14
8 16
9 18
10 15
10 20
12 18
13 24
14 17
15 19
16 28
18 23
18 25
20 27
22 26
28 29
30
1 2
1 7
1 11
1 15
2 3
2 4
2 19
2 20
3 14
4 5
4 6
4 26
5 10
5 22
6 8
6 9
6 23
7 20
7 27
9 17
10 12
10 25
11 24
11 29
11 30
12 13
13 16
13 18
13 28
20 21
12
1 2
1 3
2 3
2 5
2 6
3 4
3 7
3 9
3 10
7 8
7 12
9 11
9
1 2
1 4
2 3
3 5
3 6
3 7
4 7
7 8
7 9
8
1 2
1 5
1 6
2 3
2 8
3 4
5 6
5 7
5
1 2
1 3
2 4
2 5
3 5
20
1 2
1 4
1 5
1 19
1 20
2 3
2 6
3 10
3 11
4 8
4 14
5 7
5 16
7 9
7 13
7 15
7 18
9 12
10 13
12 17
5
1 2
1 3
1 4
3 5
4 5
25
1 2
1 3
1 4
1 7
1 21
2 5
2 6
3 9
3 13
3 14
3 15
4 8
4 22
6 16
7 14
7 25
8 12
9 10
9 11
9 24
11 17
11 23
12 20
14 19
16 18
6
1 2
1 6
2 3
2 4
3 5
4 6
7
1 2
1 5
1 7
2 3
2 5
3 4
3 6
10
1 2
1 3
1 5
1 8
1 10
2 6
2 7
3 4
3 7
3 9
5
1 2
1 3
1 5
2 3
2 4
22
1 2
1 3
1 4
1 11
3 5
3 7
3 8
4 10
4 18
5 6
5 9
5 13
5 15
7 21
9 14
9 17
11 12
11 20
12 16
13 17
14 19
19 22
30
1 2
1 3
2 3
3 4
4 5
5 6
6 7
7 8
8 9
9 10
10 11
11 12
12 13
13 14
14 15
15 16
16 17
17 18
18 19
19 20
20 21
21 22
22 23
23 24
24 25
25 26
26 27
27 28
28 29
29 30
24
1 2
1 3
1 8
1 15
2 4
2 6
2 9
3 5
3 7
4 12
4 19
5 10
5 14
6 18
7 11
8 22
10 20
10 21
11 13
11 16
11 23
12 17
13 18
14 24
13
1 2
1 5
1 6
2 3
2 4
2 10
3 8
3 9
4 7
6 11
8 10
11 12
12 13
