Case #1: 1 0 0 0 1
Case #2: 0 0 0
Case #3: 0 0 0 0
Case #4: 1 0 1 2 0 0 1
Case #5: 1 0 1 2 2 2 0 3 4 4 0 2 3 3 3 5 3
Case #6: 0 0 0 1 0 1 2 1 2 1 1 2 3 2 1 0 1 2 2 2 3 2 4 0 2
Case #7: 0 0 1 1 2 0 1 2 0 1 1 2 1 1 0 2 3 3 1 2 2 4 2 1 2 3 3
Case #8: 2 1 3 0 0 1 0 1 4 0 1 2 2 3 2 1 1 1 0 2 3 2 4 0 2 4
Case #9: 2 1 2 0 0 2 1 0 2 3 0 1 3 4 5 2 1 1 1 0 1
Case #10: 2 1 3 2 3 4 0 2 4 0 0 1 3 0 5 3 0 4 2 6 4
Case #11: 1 0 2 2 1 0 2 0 3
Case #12: 0 0 0 0
Case #13: 0 0 0 0 1 1 2 2 0 1 1
Case #14: 1 0 1 1 0 1 1 2 0 1 2 2 3 2 3 2 2 3 3 1 0 4 4 2 1 3 1 0
Case #15: 2 3 3 1 2 2 3 0 0 4 0 0 0 1 1 0 2 3 0 1 3 3 2 4 2 5 5 6
Case #16: 0 1 0 1 2 1 2 3 1 1 0 0 2 1 0 4 3 1 2 0 2 1 3 2 1 3 0 4 1
Case #17: 0 1 0 1 1 0
Case #18: 1 0 0 0 0 1
Case #19: 1 2 0 3 0 1 4 3 0 1 2 4 1 4 2 5 2 5 0 6 0 2 5 2 2 5
Case #20: 1 0 0 0 1 2 1 2 2 0
Case #21: 1 0 2 3 0 2 1 1 2 1 0 3 3 2 3 3 2 1 4 3 4 2 4 4 4 2
Case #22: 1 0 0 0
Case #23: 0 0 1 0 0 1 1 0 2 1 2 1 2 3 1 3 2 0 3 2 4 1 2 0 1 1 3 1 1
Case #24: 0 1 2 0 1 0 1 2 3 0 4 2 4
Case #25: 2 1 0 0 1 1 2 0 0 3 2 2 4 5 1 3 6 4 5 7 6 3 4 2 3 3 3 4 4
Case #26: 3 2 1 0 1 0 1 0 0 3 0 2 2 3 1 3 4 4 1 2 3 3 1 3 3 4 0 4 3 4
Case #27: 0 0 0 1 0 1 2 1 1
Case #28: 0 0 0 1 2 3 4 5 6 7 8 9 10 11 12 13 14 15 16 17 18 19 20 21 22 23 24 25 26 27
Case #29: 1 2 2 3 3 0 0 2 2 1 0 3 0 2 3 4 4
Case #30: 2 1 2 3 0 1 2 0 0 1 3 2 3 0 3 4
Case #31: 0 0 0 0 1
Case #32: 1 0 0 1 0 1 1 1 2 2 1 2 2 2 3 3 1 3 2 4 4 4
Case #33: 0 0 1 0 1 0 1 1 0 1 1 2 1 2 1 2
Case #34: 0 0 0 0 1 1 2 0
Case #35: 0 1 0 1 1 2 3 1 1 0 2
Case #36: 0 0 0 1 1 1 2 1 3 2 1 0 1 3 1 2 2 0 0 1 2 4 2 1 3 3
Case #37: 0 0 0 1 0 1 1 2 1 0 1 2 0 2 1 1 1 3 1 1 3 4 2 3 3 1 3 3 2 2
Case #38: 1 0 0 0 1 1 1 1 2 2 2 2 1 2 2 1 2 0 2 0 2 1
Case #39: 2 1 0 2 0 2 0 1 2 2
Case #40: 2 1 3 4 0 1 0 0 1 3
Case #41: 0 0 1 2 2 1 2 1 3 3 4 0 0 1
Case #42: 2 3 4 1 0 3 4 0 3 5 0 4 4 1
Case #43: 0 0 1 1 1 1 0 2 1 0 0 1
Case #44: 2 3 3 1 4 0 2 3 4 5 2 0 0 4 3 0 3 5 5 3
Case #45: 1 0 0 1 2 0 3
Case #46: 1 0 1 2 0 0 0 1 2 3 4 1 2 4 2
Case #47: 3 2 3 3 1 4 4 0 1 2 4 4 0 2 1 4 2 0 4
Case #48: 0 0 1 0 1 1 1 0 0 0 0 2 0 3 2 1 2 1 2 3 2 1 4 1 2 2
Case #49: 0 0 1 0 0 0 1 2 1
Case #50: 0 0 1 0 0 2 2
Case #51: 0 1 1 0 1 0 2 1
Case #52: 0 0 1 1 2 1 0 3 1 2 0 4 2 2 2 2 2 3
Case #53: 0 1 0 0 2 1 2 1 0
Case #54: 0 0 1 2 1 2 1 1 0
Case #55: 0 0 0 0 0 0 0 0 0 0 0 0 0 0 0 0 0 0 0 0 0 0 0 0 0 0 0 0 0 0
Case #56: 0 1 0 2 0 0 0 1 0 3 1 1 4
Case #57: 0 0 0 1 0 1 1 2 2 1 3 0 0 4 1 1 5 1 1
Case #58: 1 2 0 2 0 0 1 3 0 3 1
Case #59: 2 1 0 0 1 0 1 2 3
Case #60: 0 0 1 0 0 0 2 1 0 1 1
Case #61: 0 0 0 1 1 1 2 0 1 2 3 3 4 3
Case #62: 0 0 0 1
Case #63: 2 1 3 0 0 0 0 3 1 2 3 1 0 1 1 4 2 2 4 3 5 4 3 5 5
Case #64: 1 2 2 3 0 0 2 0
Case #65: 0 0 1 1 0 2 0 0 1 1 1 2 1 2 1 1 2 3 1 2 2 3 1 2 3 4
Case #66: 0 0 0 1 2 0 0 1
Case #67: 0 0 0 0 1 0 1 2 1 3 2 3 2 3 1 1 3 4 3 2 2 1 2 3 3 4 1
Case #68: 1 0 0 1 2 0 0 0 1 1 1 1 1 0 2 0 1 2 2 2 2
Case #69: 2 1 2 0 2 3 4 3 3 3 0 0 4 4 0
Case #70: 1 0 1 2 0 2 1 2 2 0 1 1 0 3 4 3 3 4 5 1 2 1 3 4 1 4 4 2 1 3
Case #71: 0 1 0 1 1 2 0 0 3 2 1 3 1 2 4 2 4 1 2 2 3 3 1 1 5 5 1 6 4 4
Case #72: 3 4 2 5 5 1 6 0 0 7 5 7 8 8 1 0 8
Case #73: 0 0 1 0 1 0 1 0 1 1 0 1 2
Case #74: 1 0 0 2 0
Case #75: 3 2 1 0 0 3 1 3 0 2 2 3 1 0 0 3 1 2 4 4 2
Case #76: 1 2 0 1 2 1 2 1 2 3 2 0 2 1 0 3 2 3 0 1 2 1 2 2 2 2 3 2 3 2
Case #77: 0 1 0 2 2 1 2 3 3 2 4 3 3 3 0 3 4 3 3 4 5
Case #78: 1 2 0 0 0 2
Case #79: 1 2 0 0 0 1 2 1 2 0 2 1 1 1 1 2 0
Case #80: 1 0 0 0 0
Case #81: 0 0 0 1 0 1 1 0 1 1 2 0 1 3 2 4 0 2
Case #82: 0 0 0 1 1 2 2
Case #83: 0 0 0 0 1 1 0
Case #84: 0 1 1 0 2 1 1 2 1 2 0 1 2 2 1 1 1 2 3 3 0 1 2 3 2 2 3
Case #85: 2 1 2 3 0 0 0 0 4 2 4 3
Case #86: 27 26 25 24 23 22 21 20 19 18 17 16 15 14 13 12 11 10 9 8 7 6 5 4 3 2 1 0 0 0
Case #87: 0 0 1 0 1 0 1 0 0 0 1 2 1 2 1 2 1 3
Case #88: 0 0 1 0
Case #89: 0 0 1 1 2 0 2 0 1 1 1 2 1 0 2 0 1 2 2 1 1 2 3 4
Case #90: 1 0 2 0 1 2 1 0 1 2
Case #91: 0 0 0 1 0 0 1 0 1 1 2 1 1 0 1 2 2 2 1 1
Case #92: 1 0 0 1 0 1
Case #93: 0 0 1 1 0
Case #94: 1 2 3 2 0 2 3 3 3 4 4 3 4 4 5 0 3 4 0 0 5 5
Case #95: 0 0 0 1 2 1 1 0 1 2 3 2 3 3 4 2 0 4 2 3 4 5 6 4 1 5
Case #96: 3 2 3 1 0 0 3 4 0
Case #97: 2 1 0 3 3 4 0 4 5 6 7 1 5 3 0
Case #98: 2 1 2 3 3 3 2 3 0 2 1 0 0 4 2 5 2 0 1 3 1 4 1
Case #99: 0 0 0 1 1 2 3 0 3 0 4 2 2 0 3 4 2 1 3 1 3 4 4 4 5
Case #100: 1 0 0 1 0
